RightTrapeziusdescendens,LeftTrapeziusdescendens
                0.002567	  ,              -0.004160	
               -0.006084	  ,              -0.006033	
               -0.007125	  ,              -0.005317	
               -0.001976	  ,              -0.004593	
               -0.005443	  ,               0.002283	
               -0.003691	  ,               0.006889	
               -0.013336	  ,               0.011120	
               -0.027765	  ,               0.013292	
               -0.020963	  ,               0.005600	
               -0.022103	  ,               0.004694	
               -0.023096	  ,               0.003964	
               -0.032965	  ,               0.004903	
               -0.033533	  ,              -0.006397	
               -0.036430	  ,              -0.001174	
               -0.030072	  ,               0.006497	
               -0.038691	  ,               0.002546	
               -0.029129	  ,               0.001485	
                0.007101	  ,              -0.002255	
                0.006445	  ,              -0.014502	
                0.003761	  ,              -0.002507	
                0.006813	  ,               0.002179	
               -0.005570	  ,               0.006302	
               -0.014300	  ,               0.007517	
               -0.008723	  ,               0.006540	
               -0.000680	  ,               0.015973	
                0.012150	  ,               0.019623	
                0.007435	  ,               0.025088	
               -0.002796	  ,               0.023950	
                0.007133	  ,               0.028354	
                0.026116	  ,               0.023991	
                0.061482	  ,               0.012450	
                0.065830	  ,               0.007377	
                0.069767	  ,               0.005848	
                0.057543	  ,               0.004484	
                0.031975	  ,              -0.004246	
                0.008951	  ,              -0.018954	
               -0.017927	  ,              -0.032881	
               -0.035692	  ,              -0.016002	
               -0.058201	  ,              -0.004808	
               -0.096485	  ,              -0.002776	
               -0.111475	  ,              -0.000932	
               -0.124860	  ,               0.014149	
               -0.102092	  ,               0.020045	
               -0.065596	  ,               0.025389	
               -0.041187	  ,               0.020114	
               -0.010449	  ,               0.018398	
                0.009308	  ,               0.005768	
               -0.001660	  ,              -0.019538	
                0.001403	  ,              -0.052059	
                0.010015	  ,              -0.091232	
                0.023458	  ,              -0.106464	
                0.030413	  ,              -0.091528	
                0.045555	  ,              -0.051532	
                0.043133	  ,              -0.024933	
                0.037257	  ,              -0.020182	
                0.052143	  ,              -0.007061	
                0.045814	  ,              -0.018895	
                0.036316	  ,              -0.015361	
                0.044466	  ,              -0.005647	
                0.039619	  ,               0.009041	
                0.029769	  ,               0.016894	
                0.010732	  ,               0.018980	
               -0.008351	  ,               0.025261	
               -0.010688	  ,               0.018905	
               -0.021740	  ,               0.016799	
               -0.003311	  ,               0.021604	
               -0.001001	  ,               0.019804	
                0.005512	  ,               0.018182	
               -0.012837	  ,               0.009178	
               -0.025047	  ,               0.019206	
               -0.040401	  ,               0.028512	
               -0.030098	  ,               0.024490	
               -0.035497	  ,               0.013936	
               -0.037006	  ,               0.009675	
               -0.041355	  ,               0.005779	
               -0.025993	  ,               0.013349	
                0.000549	  ,               0.010117	
                0.040388	  ,               0.012622	
                0.055952	  ,               0.011586	
                0.050915	  ,               0.009217	
                0.054974	  ,               0.016784	
                0.050738	  ,               0.019606	
                0.046847	  ,               0.009132	
                0.036739	  ,               0.010325	
                0.027670	  ,               0.008991	
                0.008360	  ,               0.007846	
                0.005804	  ,               0.006704	
               -0.000934	  ,               0.005744	
               -0.015187	  ,               0.001453	
               -0.013360	  ,              -0.000781	
               -0.004980	  ,              -0.004331	
               -0.003497	  ,              -0.007340	
                0.017193	  ,              -0.008977	
                0.019987	  ,              -0.008420	
                0.006324	  ,              -0.002306	
                0.008737	  ,               0.000247	
               -0.011385	  ,               0.005489	
               -0.035766	  ,               0.003464	
               -0.051807	  ,               0.009177	
               -0.048603	  ,              -0.000789	
               -0.050970	  ,               0.003260	
               -0.048272	  ,               0.002082	
               -0.068157	  ,              -0.008128	
               -0.092310	  ,              -0.012005	
               -0.101548	  ,              -0.010611	
               -0.068183	  ,              -0.011402	
               -0.019500	  ,              -0.008140	
               -0.000206	  ,              -0.016361	
                0.005511	  ,              -0.008373	
                0.021282	  ,              -0.009168	
                0.025855	  ,              -0.013490	
                0.038785	  ,              -0.020972	
                0.034625	  ,              -0.017649	
                0.037881	  ,              -0.014695	
                0.053920	  ,              -0.001673	
                0.044792	  ,               0.000338	
                0.025454	  ,              -0.001210	
                0.037529	  ,               0.006500	
                0.045339	  ,               0.006086	
                0.029513	  ,               0.004830	
                0.019149	  ,               0.008630	
                0.017075	  ,               0.005520	
                0.011816	  ,               0.004599	
                0.004056	  ,               0.003831	
               -0.000121	  ,               0.003051	
               -0.011515	  ,               0.005296	
               -0.022166	  ,               0.000459	
               -0.015220	  ,               0.000002	
                0.003670	  ,              -0.002818	
                0.033607	  ,              -0.010519	
                0.029554	  ,              -0.009444	
                0.025841	  ,              -0.004154	
                0.022484	  ,               0.000433	
                0.019473	  ,              -0.005462	
                0.005677	  ,              -0.001747	
               -0.011614	  ,              -0.001086	
               -0.022785	  ,               0.001925	
               -0.032899	  ,               0.007111	
               -0.034708	  ,               0.003504	
               -0.046458	  ,               0.000422	
               -0.047881	  ,               0.006782	
               -0.038154	  ,               0.012605	
               -0.024256	  ,               0.008813	
               -0.011231	  ,               0.002351	
               -0.002821	  ,              -0.003570	
                0.001665	  ,              -0.002894	
                0.014050	  ,              -0.002212	
                0.022338	  ,              -0.006420	
                0.017609	  ,              -0.006898	
                0.010540	  ,               0.000880	
                0.016665	  ,              -0.000145	
                0.008813	  ,               0.002871	
                0.005735	  ,               0.003681	
                0.001164	  ,               0.002783	
               -0.009956	  ,               0.004920	
               -0.008349	  ,               0.012620	
               -0.012224	  ,               0.007320	
               -0.005763	  ,               0.004574	
               -0.008757	  ,               0.007050	
                0.002916	  ,              -0.004455	
                0.004600	  ,              -0.006143	
                0.000702	  ,               0.001426	
               -0.002856	  ,               0.000042	
                0.000487	  ,              -0.003687	
                0.005813	  ,               0.001875	
                0.001337	  ,              -0.001162	
                0.003949	  ,              -0.003859	
                0.013975	  ,              -0.011642	
                0.009963	  ,              -0.008585	
                0.011189	  ,              -0.015013	
                0.018977	  ,              -0.012470	
                0.017948	  ,              -0.008742	
                0.013339	  ,              -0.003845	
                0.012442	  ,              -0.002166	
                0.013058	  ,              -0.001667	
                0.002348	  ,               0.006106	
                0.003832	  ,               0.007108	
               -0.011408	  ,               0.008099	
               -0.017503	  ,               0.010790	
               -0.011893	  ,               0.002986	
               -0.020291	  ,               0.001943	
               -0.021750	  ,               0.004621	
               -0.014749	  ,               0.010526	
               -0.005875	  ,               0.008323	
               -0.002585	  ,               0.006292	
                0.000521	  ,               0.002074	
               -0.003993	  ,               0.007322	
                0.001979	  ,              -0.000456	
                0.007272	  ,              -0.001468	
               -0.001989	  ,              -0.000631	
                0.001751	  ,              -0.008426	
               -0.003816	  ,              -0.011474	
                0.005689	  ,              -0.012318	
                0.006902	  ,              -0.008104	
                0.007919	  ,              -0.010317	
                0.000598	  ,              -0.005427	
                0.003248	  ,              -0.009665	
                0.005725	  ,              -0.005612	
                0.003470	  ,              -0.004099	
               -0.005885	  ,               0.002844	
               -0.007093	  ,               0.003876	
               -0.010300	  ,               0.010318	
               -0.007259	  ,               0.009487	
               -0.021311	  ,               0.002561	
               -0.035519	  ,               0.001723	
               -0.022479	  ,               0.002570	
               -0.010589	  ,               0.006306	
               -0.005933	  ,               0.004278	
                0.001090	  ,               0.004789	
                0.007438	  ,               0.013572	
                0.013131	  ,               0.004740	
                0.014260	  ,               0.003693	
                0.020788	  ,               0.000641	
                0.021748	  ,              -0.002076	
                0.019693	  ,              -0.004624	
                0.016282	  ,               0.000603	
                0.012181	  ,              -0.004325	
                0.009428	  ,               0.001412	
                0.014286	  ,              -0.003824	
                0.013694	  ,              -0.003655	
                0.023214	  ,               0.002763	
                0.019180	  ,               0.003601	
                0.015460	  ,              -0.001643	
                0.005129	  ,              -0.002307	
               -0.010105	  ,               0.000755	
               -0.024329	  ,               0.004823	
               -0.018762	  ,              -0.001935	
               -0.023824	  ,               0.000764	
               -0.025339	  ,               0.001592	
               -0.029404	  ,               0.003770	
               -0.030572	  ,              -0.001156	
               -0.036144	  ,              -0.005411	
               -0.030901	  ,              -0.009489	
               -0.022426	  ,              -0.012047	
               -0.019201	  ,              -0.005125	
               -0.013964	  ,              -0.002092	
               -0.007538	  ,               0.000602	
                0.005321	  ,               0.004835	
                0.022100	  ,               0.004140	
                0.028755	  ,               0.000584	
                0.026789	  ,              -0.001093	
                0.036179	  ,               0.005378	
                0.054889	  ,              -0.000491	
                0.077349	  ,              -0.001111	
                0.068679	  ,              -0.004602	
                0.060667	  ,              -0.002838	
                0.043507	  ,              -0.002260	
                0.023289	  ,              -0.009980	
               -0.006762	  ,              -0.008917	
               -0.026673	  ,              -0.005826	
               -0.023086	  ,              -0.003061	
               -0.019849	  ,               0.001217	
               -0.028633	  ,               0.001937	
               -0.036734	  ,               0.006880	
               -0.049091	  ,              -0.000029	
               -0.064675	  ,               0.004555	
               -0.046240	  ,               0.000344	
               -0.038955	  ,               0.011870	
               -0.036737	  ,               0.016973	
               -0.030631	  ,               0.012435	
               -0.017592	  ,              -0.000057	
               -0.022650	  ,               0.001651	
               -0.033304	  ,               0.000149	
               -0.020794	  ,               0.007101	
               -0.008978	  ,               0.008305	
               -0.001397	  ,               0.000540	
                0.005490	  ,              -0.015159	
                0.024383	  ,              -0.003969	
                0.043421	  ,               0.002145	
                0.050618	  ,               0.004025	
                0.052720	  ,               0.002351	
                0.046527	  ,              -0.002207	
                0.033377	  ,              -0.003549	
                0.028168	  ,               0.002723	
                0.017368	  ,               0.005944	
               -0.003584	  ,               0.013218	
               -0.006618	  ,               0.015933	
                0.001358	  ,               0.013397	
               -0.006051	  ,               0.004930	
               -0.003975	  ,               0.005937	
                0.006041	  ,               0.000694	
                0.000338	  ,               0.003382	
                0.008677	  ,              -0.004426	
                0.019224	  ,              -0.007494	
                0.012192	  ,              -0.008372	
                0.003307	  ,              -0.014326	
               -0.013859	  ,              -0.002846	
               -0.026279	  ,              -0.011329	
               -0.032941	  ,              -0.018965	
               -0.039078	  ,              -0.034215	
               -0.044712	  ,              -0.032211	
               -0.049854	  ,              -0.026661	
               -0.039271	  ,              -0.018233	
               -0.021241	  ,              -0.019790	
               -0.014034	  ,              -0.010177	
               -0.002965	  ,              -0.001424	
                0.011122	  ,               0.011042	
                0.012839	  ,               0.012685	
                0.014362	  ,               0.008064	
                0.018736	  ,               0.012060	
                0.019885	  ,               0.015720	
                0.013443	  ,               0.014641	
                0.021047	  ,               0.013563	
                0.019858	  ,               0.016198	
                0.015120	  ,               0.011902	
                0.009037	  ,               0.008103	
                0.003647	  ,               0.000242	
                0.004222	  ,              -0.000852	
                0.004644	  ,               0.003648	
               -0.000678	  ,               0.002735	
                0.001305	  ,              -0.002587	
                0.005519	  ,              -0.001992	
                0.008403	  ,              -0.005112	
                0.001655	  ,              -0.003499	
                0.004417	  ,              -0.010334	
               -0.001418	  ,              -0.005835	
                0.007124	  ,              -0.001677	
                0.003984	  ,              -0.001078	
                0.009293	  ,              -0.000469	
                0.010192	  ,               0.007761	
                0.013601	  ,               0.003987	
                0.009351	  ,              -0.001652	
                0.004030	  ,               0.001346	
               -0.005407	  ,               0.005865	
               -0.001838	  ,              -0.000100	
               -0.005222	  ,              -0.000821	
               -0.010636	  ,               0.005583	
               -0.013509	  ,               0.003016	
               -0.004177	  ,              -0.003940	
               -0.007994	  ,               0.004476	
               -0.007010	  ,               0.005459	
               -0.003962	  ,               0.000175	
               -0.004793	  ,               0.004714	
               -0.005592	  ,               0.007219	
               -0.006147	  ,               0.000242	
               -0.006661	  ,               0.001051	
               -0.004793	  ,               0.000166	
               -0.008708	  ,              -0.002051	
               -0.007041	  ,              -0.005613	
               -0.002621	  ,              -0.002587	
                0.001655	  ,              -0.002098	
                0.001358	  ,              -0.004634	
                0.000387	  ,              -0.007658	
                0.001804	  ,              -0.001198	
                0.004570	  ,               0.005278	
                0.001580	  ,               0.001105	
                0.003838	  ,              -0.001035	
                0.005073	  ,               0.006816	
                0.007000	  ,               0.005864	
                0.004199	  ,               0.006779	
                0.010200	  ,               0.006009	
                0.009595	  ,               0.008288	
                0.012036	  ,               0.004802	
                0.008752	  ,               0.004368	
                0.003264	  ,               0.006136	
               -0.001705	  ,               0.000453	
                0.003488	  ,              -0.001685	
                0.008005	  ,              -0.002307	
               -0.000524	  ,              -0.000555	
               -0.006516	  ,              -0.005725	
               -0.016590	  ,              -0.007682	
               -0.017722	  ,              -0.004576	
               -0.023774	  ,              -0.006196	
               -0.026786	  ,              -0.004602	
               -0.012907	  ,              -0.005715	
                0.000291	  ,              -0.006828	
                0.015665	  ,              -0.002528	
                0.025944	  ,              -0.001956	
                0.035343	  ,              -0.003409	
                0.050652	  ,              -0.000291	
                0.064931	  ,              -0.006637	
                0.074265	  ,              -0.001989	
                0.065815	  ,               0.000621	
                0.055132	  ,               0.004414	
                0.034258	  ,              -0.004825	
                0.025394	  ,               0.001495	
                0.011607	  ,              -0.006234	
               -0.020794	  ,               0.005316	
               -0.051679	  ,               0.000791	
               -0.055658	  ,               0.004882	
               -0.052196	  ,               0.001202	
               -0.055501	  ,               0.002254	
               -0.082654	  ,               0.009559	
               -0.093565	  ,               0.008743	
               -0.083822	  ,               0.009613	
               -0.050889	  ,               0.005898	
               -0.037736	  ,              -0.001876	
               -0.049604	  ,               0.005406	
               -0.046099	  ,               0.002714	
               -0.023152	  ,              -0.001512	
               -0.008336	  ,              -0.003711	
               -0.000282	  ,              -0.000159	
                0.021987	  ,              -0.005919	
                0.030716	  ,              -0.002209	
                0.033330	  ,               0.002704	
                0.040506	  ,               0.002228	
                0.024833	  ,               0.003956	
                0.014573	  ,              -0.003787	
                0.008874	  ,              -0.006945	
                0.010439	  ,              -0.007921	
                0.002702	  ,              -0.001454	
               -0.012636	  ,              -0.007348	
               -0.010733	  ,              -0.008000	
               -0.020174	  ,              -0.005943	
               -0.028771	  ,              -0.002870	
               -0.027393	  ,              -0.002336	
               -0.009430	  ,              -0.004859	
               -0.007201	  ,              -0.009089	
                0.003817	  ,              -0.006210	
                0.017883	  ,              -0.000454	
                0.023315	  ,              -0.004178	
                0.021461	  ,              -0.003503	
                0.025871	  ,              -0.000466	
                0.021665	  ,              -0.002168	
                0.025243	  ,               0.002563	
                0.032893	  ,               0.009479	
                0.040043	  ,               0.004896	
                0.035361	  ,               0.002342	
                0.031006	  ,               0.000129	
                0.042384	  ,              -0.001914	
                0.037194	  ,              -0.000243	
                0.039437	  ,               0.001419	
                0.043883	  ,               0.006628	
                0.031223	  ,               0.003045	
                0.025997	  ,               0.007241	
                0.015166	  ,               0.011263	
                0.008064	  ,               0.008693	
               -0.000904	  ,               0.008994	
               -0.008872	  ,               0.004227	
               -0.014289	  ,               0.004701	
               -0.019007	  ,               0.002976	
               -0.025056	  ,               0.003445	
               -0.036665	  ,               0.004591	
               -0.045220	  ,               0.009290	
               -0.049870	  ,               0.005019	
               -0.053980	  ,               0.002107	
               -0.037588	  ,              -0.004703	
               -0.026428	  ,              -0.000196	
               -0.016272	  ,               0.002287	
               -0.018104	  ,               0.001555	
               -0.023099	  ,               0.003510	
               -0.018424	  ,               0.001737	
               -0.003084	  ,              -0.007151	
               -0.000918	  ,              -0.018588	
                0.001074	  ,              -0.023265	
               -0.000503	  ,              -0.022036	
                0.001138	  ,              -0.025891	
                0.005308	  ,              -0.013518	
               -0.000844	  ,              -0.011996	
               -0.006326	  ,              -0.004559	
                0.001052	  ,              -0.003388	
                0.005712	  ,              -0.007309	
                0.003263	  ,              -0.008539	
                0.002670	  ,              -0.005712	
               -0.003683	  ,              -0.001363	
                0.002317	  ,               0.006192	
                0.009370	  ,               0.002919	
                0.003088	  ,               0.001834	
                0.005759	  ,               0.002419	
                0.011133	  ,               0.001472	
                0.010607	  ,               0.006116	
                0.005014	  ,               0.005334	
                0.007373	  ,               0.002170	
                0.012429	  ,               0.008651	
                0.015616	  ,               0.003792	
                0.016259	  ,               0.004340	
                0.024172	  ,               0.000331	
                0.021074	  ,              -0.001983	
                0.013892	  ,               0.001984	
                0.018512	  ,               0.002281	
                0.009061	  ,               0.005644	
                0.007857	  ,               0.000394	
                0.000017	  ,               0.000910	
                0.000946	  ,              -0.003462	
               -0.007644	  ,              -0.005281	
               -0.006786	  ,              -0.007937	
               -0.005935	  ,              -0.006847	
               -0.016392	  ,              -0.008929	
               -0.012450	  ,              -0.008608	
               -0.006293	  ,              -0.008234	
               -0.005348	  ,              -0.009173	
               -0.006405	  ,              -0.006526	
                0.000011	  ,              -0.006694	
                0.004290	  ,              -0.011543	
                0.015881	  ,              -0.009244	
                0.021078	  ,              -0.003215	
                0.013602	  ,              -0.003630	
                0.006860	  ,              -0.005423	
               -0.006795	  ,               0.004281	
               -0.012167	  ,               0.005864	
               -0.010286	  ,               0.012378	
               -0.011628	  ,               0.013676	
               -0.007362	  ,               0.017040	
               -0.000873	  ,               0.023852	
               -0.006223	  ,               0.023464	
               -0.013290	  ,               0.026194	
               -0.017668	  ,               0.030288	
               -0.014942	  ,               0.026558	
               -0.014064	  ,               0.025342	
               -0.008981	  ,               0.033619	
               -0.010514	  ,               0.033086	
               -0.001569	  ,               0.028315	
                0.002290	  ,               0.024237	
               -0.000804	  ,               0.025577	
               -0.016429	  ,               0.020836	
               -0.018531	  ,               0.021998	
               -0.004225	  ,               0.028205	
                0.005160	  ,               0.030833	
               -0.003236	  ,               0.021960	
               -0.007748	  ,               0.023561	
               -0.011761	  ,               0.027162	
               -0.005464	  ,               0.022276	
               -0.004423	  ,               0.019901	
               -0.001365	  ,               0.022748	
                0.001343	  ,               0.014605	
                0.009116	  ,               0.007135	
                0.014338	  ,              -0.008275	
                0.028337	  ,              -0.037207	
                0.042462	  ,              -0.040725	
                0.051663	  ,              -0.036776	
                0.059995	  ,              -0.033203	
                0.061356	  ,              -0.029997	
                0.064389	  ,              -0.030383	
                0.060121	  ,              -0.021990	
                0.043493	  ,              -0.024117	
                0.013992	  ,              -0.039476	
               -0.006199	  ,              -0.045381	
               -0.017246	  ,              -0.061960	
               -0.033864	  ,              -0.064027	
               -0.042853	  ,              -0.061885	
               -0.051160	  ,              -0.074828	
               -0.078566	  ,              -0.079844	
               -0.082276	  ,              -0.075241	
               -0.079182	  ,              -0.054437	
               -0.064402	  ,              -0.021481	
               -0.067212	  ,               0.009246	
               -0.054969	  ,               0.029117	
               -0.030388	  ,               0.039821	
               -0.007500	  ,               0.029863	
                0.001164	  ,               0.020904	
               -0.007100	  ,               0.007022	
               -0.009614	  ,              -0.025481	
               -0.007558	  ,              -0.056496	
                0.010749	  ,              -0.076717	
                0.017892	  ,              -0.051633	
                0.015545	  ,              -0.002387	
                0.005248	  ,               0.032790	
                0.014401	  ,               0.025987	
                0.019326	  ,               0.043010	
                0.023753	  ,               0.047836	
                0.024964	  ,               0.033025	
                0.026006	  ,               0.028169	
                0.024858	  ,               0.023799	
                0.019491	  ,               0.034119	
                0.014789	  ,               0.050009	
                0.020550	  ,               0.052353	
                0.018195	  ,               0.038099	
                0.014519	  ,               0.035149	
                0.013919	  ,               0.041134	
                0.008583	  ,               0.046546	
                0.004918	  ,               0.043936	
                0.006482	  ,               0.038049	
                0.008033	  ,               0.020234	
                0.006368	  ,               0.003708	
                0.005065	  ,              -0.015727	
                0.011392	  ,              -0.034009	
                0.023507	  ,              -0.064285	
                0.018372	  ,              -0.077041	
                0.022897	  ,              -0.052462	
                0.026955	  ,              -0.036652	
                0.025804	  ,              -0.022094	
                0.026904	  ,              -0.019467	
                0.023964	  ,              -0.012145	
                0.019526	  ,              -0.000932	
                0.008452	  ,              -0.002919	
               -0.002140	  ,              -0.004763	
               -0.017331	  ,               0.003689	
               -0.023391	  ,               0.002110	
               -0.021505	  ,               0.006072	
               -0.029946	  ,               0.004781	
               -0.034476	  ,               0.005655	
               -0.049651	  ,               0.012753	
               -0.047571	  ,               0.009878	
               -0.038186	  ,               0.012261	
               -0.029618	  ,               0.015883	
               -0.024889	  ,               0.016517	
               -0.023368	  ,               0.010812	
               -0.016901	  ,               0.007218	
               -0.006336	  ,               0.001027	
                0.000863	  ,              -0.004551	
                0.002304	  ,               0.001061	
                0.001535	  ,               0.006360	
                0.007007	  ,               0.010978	
                0.015678	  ,               0.009660	
                0.012663	  ,               0.010585	
                0.015889	  ,               0.012228	
                0.018749	  ,               0.008774	
                0.014659	  ,               0.003276	
                0.020042	  ,               0.002645	
                0.019515	  ,               0.004625	
                0.017972	  ,               0.002816	
                0.012839	  ,               0.006722	
                0.017827	  ,               0.005066	
                0.024859	  ,               0.002841	
                0.022255	  ,               0.009341	
                0.009522	  ,               0.023562	
               -0.003362	  ,               0.034000	
               -0.004938	  ,               0.058621	
                0.009015	  ,               0.088995	
                0.018366	  ,               0.109780	
                0.030227	  ,               0.136081	
                0.028714	  ,               0.146793	
                0.013474	  ,               0.138698	
                0.003276	  ,               0.125437	
               -0.013536	  ,               0.088301	
               -0.011440	  ,               0.007959	
               -0.013605	  ,              -0.073333	
               -0.030502	  ,              -0.168474	
               -0.046278	  ,              -0.283844	
               -0.069075	  ,              -0.362310	
               -0.072402	  ,              -0.350617	
               -0.075839	  ,              -0.264567	
               -0.044455	  ,              -0.186305	
               -0.030607	  ,              -0.114726	
               -0.018517	  ,              -0.064173	
               -0.015797	  ,               0.001438	
               -0.006122	  ,               0.044848	
                0.002675	  ,               0.069340	
               -0.001033	  ,               0.106179	
                0.000944	  ,               0.126589	
                0.002742	  ,               0.121720	
                0.000293	  ,               0.117360	
                0.002359	  ,               0.094045	
               -0.006766	  ,               0.073138	
                0.001855	  ,               0.030356	
               -0.005628	  ,              -0.009264	
               -0.006859	  ,              -0.066532	
               -0.002950	  ,              -0.119630	
                0.005125	  ,              -0.111097	
                0.004551	  ,              -0.103448	
                0.011539	  ,              -0.085052	
                0.018109	  ,              -0.057872	
                0.028750	  ,              -0.062482	
                0.030795	  ,              -0.040711	
                0.032656	  ,               0.018740	
                0.023001	  ,               0.147409	
                0.016668	  ,               0.238980	
                0.000783	  ,               0.254682	
               -0.005466	  ,               0.238473	
                0.008896	  ,               0.196057	
                0.014406	  ,               0.132388	
               -0.007905	  ,               0.028554	
               -0.023243	  ,              -0.041056	
               -0.042939	  ,              -0.104144	
               -0.050782	  ,              -0.161411	
               -0.035689	  ,              -0.233804	
               -0.017724	  ,              -0.299247	
               -0.000937	  ,              -0.375598	
                0.005320	  ,              -0.363445	
                0.003198	  ,              -0.275822	
                0.012620	  ,              -0.100922	
                0.024993	  ,               0.073898	
                0.024271	  ,               0.277981	
                0.037708	  ,               0.469940	
                0.047063	  ,               0.644655	
                0.046604	  ,               0.803793	
                0.065900	  ,               0.907601	
                0.099589	  ,               0.927930	
                0.167140	  ,               0.845540	
                0.291798	  ,               0.709371	
                0.343448	  ,               0.544221	
                0.329360	  ,               0.254472	
                0.288854	  ,              -0.101083	
                0.252182	  ,              -0.627837	
                0.172693	  ,              -1.118270	
                0.038062	  ,              -1.436388	
               -0.090473	  ,              -1.260587	
               -0.139810	  ,              -0.889453	
               -0.215198	  ,              -0.551791	
               -0.367011	  ,              -0.419592	
               -0.467544	  ,              -0.299606	
               -0.448032	  ,              -0.334811	
               -0.329354	  ,              -0.301348	
               -0.221425	  ,              -0.271164	
               -0.151107	  ,              -0.243848	
               -0.137865	  ,              -0.219223	
               -0.148690	  ,              -0.062407	
               -0.179275	  ,               0.120683	
               -0.188315	  ,               0.292801	
               -0.179286	  ,               0.494121	
               -0.124285	  ,               0.737642	
               -0.088416	  ,               0.835594	
               -0.029774	  ,               0.924360	
                0.009521	  ,               0.842433	
                0.073792	  ,               0.817072	
                0.134232	  ,               0.704066	
                0.236018	  ,               0.519554	
                0.333130	  ,               0.296141	
                0.421188	  ,               0.085663	
                0.501406	  ,              -0.105893	
                0.490757	  ,              -0.230967	
                0.480891	  ,              -0.255320	
                0.385522	  ,              -0.359166	
                0.246148	  ,              -0.453797	
                0.190106	  ,              -0.573500	
                0.139062	  ,              -0.713071	
                0.031301	  ,              -0.881539	
               -0.122334	  ,              -0.905646	
               -0.224755	  ,              -0.805782	
               -0.429218	  ,              -0.678079	
               -0.511233	  ,              -0.528620	
               -0.487564	  ,              -0.347227	
               -0.376500	  ,              -0.275090	
               -0.397755	  ,              -0.209422	
               -0.380281	  ,              -0.068529	
               -0.398040	  ,               0.096752	
               -0.322639	  ,               0.207415	
               -0.198536	  ,               0.266985	
               -0.081903	  ,               0.283997	
                0.024074	  ,               0.265702	
                0.064611	  ,               0.218125	
                0.126581	  ,               0.257765	
                0.136824	  ,               0.293172	
                0.125134	  ,               0.302002	
                0.105935	  ,               0.286123	
                0.075964	  ,               0.251832	
                0.065653	  ,               0.258247	
                0.024794	  ,               0.229958	
                0.001724	  ,               0.251589	
                0.032328	  ,               0.271642	
                0.095261	  ,               0.251249	
                0.119521	  ,               0.256003	
                0.110320	  ,               0.217760	
                0.116274	  ,               0.173086	
                0.096047	  ,               0.107405	
                0.136184	  ,               0.063170	
                0.151375	  ,               0.054359	
                0.116886	  ,               0.032241	
                0.085497	  ,               0.025308	
                0.048933	  ,               0.019381	
                0.043731	  ,              -0.006862	
                0.038964	  ,               0.027816	
                0.026786	  ,               0.024772	
                0.044606	  ,               0.086497	
                0.047585	  ,               0.217573	
                0.056221	  ,               0.311650	
                0.048039	  ,               0.296174	
                0.030844	  ,               0.128739	
                0.006275	  ,              -0.027496	
                0.003217	  ,              -0.088062	
               -0.005405	  ,              -0.106281	
               -0.035391	  ,              -0.223750	
               -0.031387	  ,              -0.330481	
               -0.013227	  ,              -0.371675	
               -0.003475	  ,              -0.358644	
               -0.006479	  ,              -0.346494	
               -0.003963	  ,              -0.272843	
               -0.011501	  ,              -0.129743	
               -0.027371	  ,               0.013618	
               -0.021569	  ,               0.033487	
               -0.005128	  ,              -0.015155	
               -0.016477	  ,              -0.028364	
               -0.030632	  ,              -0.067756	
               -0.021008	  ,              -0.077948	
               -0.015488	  ,              -0.110084	
               -0.019432	  ,              -0.159719	
               -0.011759	  ,              -0.185643	
               -0.009650	  ,              -0.226334	
               -0.007520	  ,              -0.216201	
               -0.007283	  ,              -0.149904	
                0.008099	  ,              -0.053019	
                0.003350	  ,               0.062471	
               -0.012050	  ,               0.140615	
               -0.004154	  ,               0.183781	
                0.007224	  ,               0.222886	
                0.025137	  ,               0.189580	
                0.024035	  ,               0.180291	
                0.006627	  ,               0.228522	
               -0.009677	  ,               0.289587	
               -0.002181	  ,               0.329184	
               -0.011424	  ,               0.350865	
               -0.019833	  ,               0.383392	
               -0.017274	  ,               0.412756	
               -0.011897	  ,               0.428586	
               -0.015189	  ,               0.365280	
               -0.008242	  ,               0.270047	
               -0.010798	  ,               0.130729	
               -0.007161	  ,              -0.036429	
                0.007368	  ,              -0.283517	
                0.017929	  ,              -0.513899	
                0.046179	  ,              -0.783044	
                0.058323	  ,              -0.891886	
                0.055027	  ,              -0.859821	
                0.038831	  ,              -0.711559	
               -0.000061	  ,              -0.522684	
               -0.037123	  ,              -0.301601	
               -0.051372	  ,              -0.153240	
               -0.055680	  ,              -0.018526	
               -0.067484	  ,               0.054236	
               -0.085602	  ,               0.075419	
               -0.115408	  ,               0.135149	
               -0.143386	  ,               0.152426	
               -0.125390	  ,               0.167950	
               -0.075921	  ,               0.151506	
               -0.026264	  ,               0.164238	
                0.005955	  ,               0.175744	
                0.011590	  ,               0.163336	
                0.027367	  ,               0.152282	
                0.031974	  ,               0.123345	
                0.036251	  ,               0.131669	
                0.024291	  ,               0.139169	
                0.027705	  ,               0.117492	
                0.030757	  ,               0.110688	
                0.015696	  ,               0.092871	
                0.018236	  ,               0.097740	
                0.015713	  ,               0.092643	
                0.013369	  ,               0.070303	
                0.015255	  ,               0.066091	
                0.016961	  ,               0.062247	
                0.021883	  ,               0.032268	
                0.023250	  ,               0.028292	
                0.021750	  ,               0.017492	
                0.022782	  ,               0.014412	
                0.014835	  ,               0.005793	
                0.011642	  ,              -0.007719	
                0.019788	  ,               0.001421	
                0.022367	  ,               0.008799	
                0.021385	  ,               0.020017	
                0.009728	  ,               0.026165	
                0.021395	  ,               0.009471	
                0.010554	  ,              -0.006044	
                0.000708	  ,              -0.004010	
               -0.008321	  ,              -0.017074	
               -0.005342	  ,              -0.032381	
               -0.002517	  ,              -0.034533	
                0.003705	  ,              -0.014277	
                0.007751	  ,              -0.006481	
                0.002357	  ,              -0.014192	
                0.000176	  ,              -0.025884	
               -0.004189	  ,              -0.016361	
               -0.000244	  ,              -0.011419	
               -0.000820	  ,              -0.020496	
                0.005218	  ,              -0.016358	
                0.002652	  ,              -0.023425	
               -0.001074	  ,              -0.037061	
               -0.003122	  ,              -0.027171	
                0.001080	  ,              -0.024577	
                0.006316	  ,              -0.015893	
                0.001417	  ,              -0.016062	
                0.005672	  ,              -0.003520	
                0.005177	  ,               0.008322	
               -0.002586	  ,               0.002553	
               -0.010326	  ,              -0.000051	
               -0.002955	  ,              -0.002221	
                0.001786	  ,               0.003970	
               -0.000532	  ,              -0.005453	
               -0.008753	  ,              -0.025444	
               -0.025622	  ,              -0.063803	
               -0.023054	  ,              -0.057916	
               -0.002577	  ,              -0.023537	
                0.000293	  ,              -0.009851	
               -0.001936	  ,              -0.005523	
               -0.004026	  ,              -0.001625	
               -0.010013	  ,              -0.004551	
               -0.019245	  ,              -0.007183	
               -0.014108	  ,               0.001126	
               -0.006427	  ,               0.003619	
               -0.007684	  ,               0.001491	
               -0.006410	  ,              -0.000520	
               -0.005313	  ,               0.005026	
               -0.006270	  ,               0.003224	
               -0.005379	  ,               0.004623	
               -0.009595	  ,              -0.002428	
               -0.004369	  ,               0.001219	
               -0.005078	  ,               0.000085	
               -0.002051	  ,               0.007207	
               -0.000415	  ,               0.007910	
                0.007270	  ,               0.013717	
                0.019639	  ,               0.002130	
                0.027942	  ,               0.003730	
                0.041710	  ,               0.008161	
                0.043583	  ,               0.009337	
                0.035094	  ,               0.000367	
                0.024325	  ,              -0.010167	
                0.014525	  ,              -0.006374	
               -0.004602	  ,              -0.002973	
                0.003366	  ,              -0.000098	
                0.005635	  ,               0.000519	
               -0.001053	  ,              -0.002643	
               -0.015358	  ,              -0.009062	
               -0.020989	  ,              -0.004299	
               -0.036219	  ,               0.005941	
               -0.054650	  ,               0.010213	
               -0.052241	  ,               0.005935	
               -0.045589	  ,              -0.003004	
               -0.039463	  ,               0.002580	
               -0.026411	  ,               0.005719	
               -0.021307	  ,               0.008557	
                0.001729	  ,               0.002760	
                0.004985	  ,               0.006581	
                0.002181	  ,              -0.001101	
                0.004961	  ,               0.004217	
                0.002645	  ,               0.005120	
                0.009273	  ,              -0.004325	
                0.015394	  ,               0.001945	
                0.024735	  ,               0.007513	
                0.033220	  ,               0.000204	
                0.034764	  ,               0.002879	
                0.030718	  ,               0.001980	
                0.024490	  ,              -0.000282	
                0.032328	  ,               0.007462	
                0.022913	  ,               0.004344	
                0.021786	  ,              -0.009811	
                0.018627	  ,               0.000167	
                0.002938	  ,               0.009232	
               -0.021729	  ,               0.003845	
               -0.018494	  ,               0.011083	
               -0.015610	  ,               0.020273	
               -0.001894	  ,               0.028558	
                0.000506	  ,               0.015499	
                0.011725	  ,              -0.010391	
                0.021925	  ,              -0.043592	
                0.016379	  ,              -0.021713	
               -0.002227	  ,              -0.009830	
                0.020097	  ,              -0.013162	
                0.034970	  ,              -0.029221	
                0.053570	  ,              -0.041302	
                0.034442	  ,              -0.031986	
               -0.002793	  ,              -0.012309	
               -0.082827	  ,               0.005404	
               -0.048352	  ,               0.003600	
                0.003733	  ,               0.022360	
                0.032156	  ,               0.045005	
                0.040765	  ,               0.072370	
                0.017401	  ,               0.083477	
               -0.018138	  ,               0.106724	
               -0.024586	  ,               0.115771	
               -0.018840	  ,               0.113297	
               -0.045413	  ,               0.086294	
               -0.059809	  ,               0.031863	
               -0.055444	  ,              -0.054041	
               -0.059373	  ,              -0.088367	
               -0.055869	  ,              -0.119311	
               -0.032922	  ,              -0.185448	
               -0.018088	  ,              -0.193917	
               -0.009982	  ,              -0.170433	
               -0.002721	  ,              -0.120577	
               -0.009344	  ,              -0.075312	
               -0.019522	  ,              -0.045956	
               -0.013941	  ,              -0.008674	
                0.001286	  ,               0.005762	
                0.015494	  ,               0.027799	
                0.021069	  ,               0.039681	
                0.019372	  ,               0.057813	
                0.023933	  ,               0.061046	
                0.022596	  ,               0.046163	
                0.018891	  ,               0.043450	
                0.013343	  ,               0.060680	
                0.010315	  ,               0.062845	
                0.011177	  ,               0.085293	
                0.010325	  ,               0.100097	
                0.009634	  ,               0.119130	
                0.014512	  ,               0.136277	
                0.017515	  ,               0.151702	
                0.026253	  ,               0.161713	
                0.034958	  ,               0.174590	
                0.024525	  ,               0.169343	
                0.009196	  ,               0.146142	
               -0.005108	  ,               0.096364	
               -0.003326	  ,              -0.010619	
                0.005054	  ,              -0.179207	
                0.021906	  ,              -0.246659	
                0.024062	  ,              -0.307859	
                0.022010	  ,              -0.326588	
                0.012664	  ,              -0.310127	
                0.010966	  ,              -0.295188	
                0.012508	  ,              -0.253886	
                0.011170	  ,              -0.140524	
                0.014865	  ,              -0.064381	
               -0.000066	  ,               0.004846	
               -0.022655	  ,               0.017082	
               -0.019836	  ,               0.028298	
               -0.027980	  ,               0.038352	
               -0.035258	  ,               0.066537	
               -0.037468	  ,               0.057684	
               -0.035457	  ,               0.065242	
               -0.022469	  ,               0.057925	
               -0.020813	  ,               0.064104	
               -0.013214	  ,               0.058063	
               -0.006277	  ,               0.062994	
               -0.002539	  ,               0.057887	
                0.003073	  ,               0.053063	
                0.008367	  ,               0.048752	
               -0.005612	  ,               0.044811	
                0.004611	  ,               0.047657	
                0.021467	  ,               0.050208	
                0.023792	  ,               0.041840	
                0.013782	  ,               0.039329	
                0.008318	  ,               0.032669	
                0.003355	  ,               0.022492	
                0.004994	  ,               0.016944	
               -0.001825	  ,               0.011941	
               -0.000519	  ,               0.004435	
               -0.015298	  ,               0.008616	
               -0.013182	  ,               0.007577	
               -0.022405	  ,               0.004490	
               -0.013902	  ,               0.001519	
               -0.018448	  ,               0.002448	
               -0.008794	  ,               0.010319	
               -0.002522	  ,               0.003144	
               -0.001498	  ,               0.005952	
                0.003748	  ,               0.006895	
                0.010165	  ,               0.003274	
                0.019608	  ,               0.002695	
                0.020761	  ,               0.003295	
                0.017516	  ,               0.009798	
                0.014438	  ,               0.012402	
                0.013546	  ,               0.017701	
                0.012634	  ,               0.014193	
                0.008837	  ,               0.004728	
               -0.001888	  ,              -0.010563	
               -0.018857	  ,              -0.004635	
               -0.012293	  ,              -0.002907	
               -0.018406	  ,              -0.008066	
               -0.024012	  ,              -0.000442	
               -0.012189	  ,              -0.004378	
                0.001651	  ,               0.004643	
               -0.006650	  ,              -0.000091	
               -0.008522	  ,              -0.005189	
                0.006669	  ,              -0.007680	
                0.020803	  ,              -0.015526	
                0.018827	  ,              -0.027445	
                0.020410	  ,              -0.025170	
                0.006427	  ,              -0.029181	
                0.000726	  ,              -0.032691	
                0.002297	  ,              -0.015763	
               -0.002380	  ,              -0.004100	
               -0.017687	  ,              -0.013780	
               -0.019778	  ,              -0.007756	
               -0.010509	  ,              -0.005678	
               -0.012194	  ,              -0.003792	
               -0.004577	  ,              -0.010397	
                0.007975	  ,              -0.018879	
               -0.003791	  ,              -0.003691	
               -0.008291	  ,               0.002649	
               -0.012309	  ,              -0.002709	
               -0.000938	  ,              -0.004189	
               -0.002432	  ,               0.006653	
               -0.001069	  ,              -0.002806	
                0.005185	  ,              -0.011451	
                0.004162	  ,              -0.016911	
                0.009419	  ,              -0.015799	
                0.012154	  ,              -0.020294	
                0.009670	  ,              -0.007388	
                0.021242	  ,               0.016831	
                0.022993	  ,               0.007038	
                0.015432	  ,               0.009909	
                0.005848	  ,               0.001770	
                0.002172	  ,               0.009009	
                0.001206	  ,               0.011173	
                0.004311	  ,               0.009082	
                0.012833	  ,               0.007140	
                0.007304	  ,               0.005343	
                0.004294	  ,               0.006752	
                0.001642	  ,               0.002574	
               -0.002514	  ,              -0.006371	
               -0.003150	  ,              -0.021402	
               -0.005201	  ,              -0.023586	
               -0.008307	  ,              -0.018169	
               -0.012458	  ,              -0.009897	
               -0.015095	  ,              -0.005515	
               -0.022141	  ,              -0.001639	
               -0.021269	  ,              -0.000635	
               -0.027842	  ,               0.004734	
               -0.016843	  ,               0.009709	
               -0.024627	  ,               0.008615	
               -0.020723	  ,               0.012599	
               -0.001886	  ,               0.022321	
                0.017209	  ,               0.017973	
                0.029596	  ,               0.018890	
                0.027481	  ,               0.017618	
                0.025533	  ,               0.020416	
                0.027478	  ,               0.015612	
                0.029324	  ,               0.005914	
                0.024957	  ,              -0.000564	
                0.015559	  ,              -0.008550	
                0.004522	  ,              -0.007703	
               -0.005816	  ,               0.002513	
               -0.023623	  ,              -0.001621	
               -0.016058	  ,              -0.005401	
               -0.026930	  ,              -0.015741	
               -0.045075	  ,              -0.025353	
               -0.037513	  ,              -0.008858	
               -0.007990	  ,              -0.006558	
                0.004076	  ,              -0.012526	
                0.007825	  ,              -0.014242	
                0.011229	  ,              -0.025919	
                0.014280	  ,              -0.018125	
                0.011743	  ,              -0.013856	
               -0.000420	  ,              -0.007392	
               -0.011401	  ,              -0.001627	
               -0.021398	  ,               0.001564	
               -0.030564	  ,               0.010143	
               -0.011833	  ,               0.007016	
               -0.004466	  ,               0.012323	
                0.002199	  ,               0.011554	
                0.012390	  ,               0.014134	
                0.017983	  ,               0.010429	
                0.012893	  ,               0.013957	
                0.011305	  ,               0.019671	
                0.018156	  ,               0.024898	
                0.029414	  ,               0.018502	
                0.015474	  ,               0.012635	
               -0.001346	  ,               0.024182	
                0.014145	  ,               0.015789	
                0.044731	  ,               0.014310	
                0.057928	  ,               0.015692	
                0.061823	  ,               0.016900	
                0.050991	  ,               0.004481	
                0.041151	  ,              -0.007169	
                0.043954	  ,              -0.005409	
                0.041173	  ,               0.015631	
                0.043454	  ,               0.042920	
                0.036763	  ,               0.025051	
                0.026498	  ,               0.015532	
               -0.001530	  ,               0.024618	
               -0.061688	  ,               0.032977	
               -0.087669	  ,               0.010847	
               -0.091323	  ,               0.002040	
               -0.068080	  ,              -0.006627	
               -0.061080	  ,              -0.014644	
               -0.093517	  ,              -0.012201	
               -0.111097	  ,              -0.009955	
               -0.116512	  ,              -0.011983	
               -0.121440	  ,              -0.017594	
               -0.108444	  ,              -0.043017	
               -0.072629	  ,              -0.053880	
               -0.048669	  ,              -0.044056	
               -0.026928	  ,              -0.052826	
               -0.015368	  ,              -0.066515	
                0.002449	  ,              -0.083782	
                0.031935	  ,              -0.072637	
                0.043482	  ,              -0.054200	
                0.054015	  ,              -0.046885	
                0.050541	  ,              -0.044640	
                0.059071	  ,              -0.038509	
                0.050655	  ,              -0.032905	
                0.033101	  ,              -0.021046	
                0.030582	  ,               0.001999	
                0.040403	  ,               0.031777	
                0.041927	  ,               0.051652	
                0.039918	  ,               0.069554	
                0.044190	  ,               0.085685	
                0.050832	  ,               0.076506	
                0.049412	  ,               0.078749	
                0.046002	  ,               0.080627	
                0.040590	  ,               0.086755	
                0.054523	  ,               0.080324	
                0.048377	  ,               0.052231	
                0.027889	  ,               0.008162	
                0.014177	  ,              -0.009283	
                0.001851	  ,              -0.004030	
               -0.009229	  ,              -0.018379	
               -0.039764	  ,              -0.005129	
               -0.061672	  ,              -0.001200	
               -0.057691	  ,              -0.004753	
               -0.046777	  ,              -0.047735	
               -0.030310	  ,              -0.088742	
               -0.003196	  ,              -0.094061	
               -0.006712	  ,              -0.069978	
               -0.003477	  ,              -0.048109	
               -0.000594	  ,              -0.044331	
                0.007521	  ,              -0.069805	
                0.009876	  ,              -0.053461	
               -0.005690	  ,              -0.014466	
               -0.007698	  ,               0.011988	
                0.001620	  ,               0.036066	
                0.003309	  ,               0.040346	
                0.001803	  ,               0.044058	
                0.003193	  ,               0.047373	
                0.009540	  ,               0.050299	
                0.008616	  ,               0.058739	
                0.011725	  ,               0.055624	
                0.003345	  ,               0.047910	
                0.002430	  ,               0.022770	
               -0.000490	  ,              -0.014054	
                0.004235	  ,              -0.019277	
                0.013904	  ,              -0.015387	
                0.017865	  ,              -0.004045	
                0.012566	  ,              -0.008097	
                0.009820	  ,              -0.024986	
                0.016610	  ,              -0.040317	
                0.011080	  ,              -0.037932	
                0.018415	  ,              -0.035656	
                0.032846	  ,              -0.019989	
                0.027115	  ,              -0.021802	
                0.033020	  ,              -0.027087	
                0.028206	  ,              -0.001338	
                0.020794	  ,               0.053759	
                0.000149	  ,               0.108976	
               -0.014613	  ,               0.130903	
               -0.011837	  ,               0.163762	
               -0.029065	  ,               0.169937	
               -0.040201	  ,               0.143694	
               -0.042224	  ,               0.090578	
               -0.062715	  ,              -0.016098	
               -0.076468	  ,              -0.123192	
               -0.083822	  ,              -0.164899	
               -0.068349	  ,              -0.177545	
               -0.066433	  ,              -0.166165	
               -0.079607	  ,              -0.155935	
               -0.064534	  ,              -0.146470	
               -0.050464	  ,              -0.103334	
               -0.026429	  ,              -0.064290	
                0.003160	  ,              -0.042980	
                0.030886	  ,               0.002202	
                0.034311	  ,               0.007964	
                0.031046	  ,               0.023874	
                0.033993	  ,               0.028677	
                0.042257	  ,               0.024449	
                0.044776	  ,               0.028675	
                0.047137	  ,               0.018329	
                0.033065	  ,               0.015600	
                0.012723	  ,               0.024795	
                0.010137	  ,               0.033245	
                0.002961	  ,               0.035938	
                0.000850	  ,               0.056613	
                0.011075	  ,               0.081732	
                0.012979	  ,               0.098613	
                0.030076	  ,               0.123627	
                0.041927	  ,               0.138933	
                0.037358	  ,               0.136573	
                0.035995	  ,               0.114576	
                0.032255	  ,               0.100028	
                0.031229	  ,               0.092281	
                0.032244	  ,               0.090318	
                0.018207	  ,               0.079507	
               -0.000209	  ,               0.065563	
               -0.007415	  ,               0.041539	
               -0.041007	  ,               0.011875	
               -0.045739	  ,              -0.048123	
               -0.050191	  ,              -0.160246	
               -0.046339	  ,              -0.236670	
               -0.035576	  ,              -0.250496	
               -0.019247	  ,              -0.237891	
                0.001480	  ,              -0.226247	
                0.015083	  ,              -0.215812	
                0.022270	  ,              -0.225175	
                0.033365	  ,              -0.181898	
                0.047544	  ,              -0.095688	
                0.049385	  ,               0.007867	
                0.027398	  ,               0.077245	
                0.024560	  ,               0.139976	
                0.021880	  ,               0.173886	
                0.019525	  ,               0.183477	
                0.017299	  ,               0.192117	
                0.015157	  ,               0.165367	
                0.009398	  ,               0.110002	
                0.007465	  ,               0.045576	
               -0.006666	  ,              -0.014844	
               -0.023709	  ,              -0.006865	
               -0.017431	  ,               0.014789	
               -0.011673	  ,               0.008837	
               -0.013824	  ,               0.003796	
               -0.036037	  ,               0.009705	
               -0.063226	  ,              -0.004101	
               -0.110639	  ,              -0.043383	
               -0.117031	  ,              -0.080189	
               -0.099548	  ,              -0.133130	
               -0.083536	  ,              -0.168393	
               -0.049566	  ,              -0.122989	
               -0.027433	  ,              -0.046340	
               -0.015460	  ,               0.026722	
               -0.004539	  ,               0.055238	
                0.005290	  ,               0.029405	
                0.020102	  ,               0.006055	
                0.039037	  ,              -0.029580	
                0.051118	  ,              -0.036200	
                0.044211	  ,               0.004457	
                0.045956	  ,               0.041271	
                0.040113	  ,               0.036005	
                0.038197	  ,               0.013392	
                0.021065	  ,              -0.023342	
                0.009767	  ,              -0.057917	
                0.003617	  ,              -0.036573	
               -0.005687	  ,               0.022978	
               -0.027566	  ,               0.082940	
               -0.024545	  ,               0.105935	
                0.016726	  ,               0.112739	
                0.046188	  ,               0.093092	
                0.030525	  ,               0.063468	
                0.035496	  ,               0.047233	
                0.040118	  ,               0.013043	
                0.036475	  ,              -0.018119	
                0.033212	  ,              -0.006536	
                0.017147	  ,              -0.010190	
               -0.003288	  ,              -0.020026	
               -0.033002	  ,               0.019021	
               -0.044430	  ,               0.066956	
               -0.054866	  ,               0.138045	
               -0.057734	  ,               0.223395	
               -0.042522	  ,               0.280834	
               -0.023123	  ,               0.249656	
                0.014366	  ,               0.202213	
                0.062670	  ,               0.107245	
                0.095221	  ,              -0.057001	
                0.124696	  ,              -0.303349	
                0.130106	  ,              -0.401529	
                0.134945	  ,              -0.431066	
                0.121777	  ,              -0.403833	
                0.117865	  ,              -0.379275	
                0.077712	  ,              -0.401697	
                0.029601	  ,              -0.259567	
               -0.028832	  ,              -0.130205	
               -0.067996	  ,              -0.012733	
               -0.117868	  ,               0.032835	
               -0.124436	  ,               0.074181	
               -0.141999	  ,               0.111662	
               -0.136836	  ,               0.099934	
               -0.122455	  ,               0.109977	
               -0.100421	  ,               0.100265	
               -0.072368	  ,               0.108819	
               -0.024805	  ,               0.116689	
                0.033772	  ,               0.124005	
                0.088690	  ,               0.156540	
                0.124524	  ,               0.174083	
                0.131266	  ,               0.189993	
                0.090653	  ,               0.214095	
                0.064370	  ,               0.235967	
                0.030719	  ,               0.224028	
                0.011203	  ,               0.195520	
               -0.046102	  ,               0.140790	
               -0.085201	  ,               0.023352	
               -0.106581	  ,              -0.094388	
               -0.151849	  ,              -0.140174	
               -0.146237	  ,              -0.181680	
               -0.130480	  ,              -0.194037	
               -0.116264	  ,              -0.136289	
               -0.120849	  ,              -0.125695	
               -0.076994	  ,              -0.134891	
               -0.036176	  ,              -0.126045	
               -0.020404	  ,              -0.086825	
               -0.015793	  ,              -0.093834	
               -0.020328	  ,              -0.113069	
               -0.008655	  ,              -0.083790	
               -0.005282	  ,              -0.014428	
               -0.002272	  ,               0.071005	
                0.024581	  ,               0.128514	
                0.057151	  ,               0.138876	
                0.061278	  ,               0.167377	
                0.064882	  ,               0.141632	
                0.061053	  ,               0.134007	
                0.057596	  ,               0.084394	
                0.060280	  ,              -0.012685	
                0.068263	  ,              -0.110033	
                0.080516	  ,              -0.223900	
                0.100730	  ,              -0.208986	
                0.125315	  ,              -0.167831	
                0.121959	  ,              -0.079960	
                0.112997	  ,               0.023216	
                0.099082	  ,               0.064589	
                0.081597	  ,               0.102145	
                0.070158	  ,               0.113512	
                0.071862	  ,               0.103213	
                0.043573	  ,               0.074940	
                0.015280	  ,               0.032032	
               -0.017923	  ,               0.008937	
               -0.049050	  ,               0.030552	
               -0.053243	  ,               0.011669	
               -0.086304	  ,              -0.040908	
               -0.099688	  ,              -0.076131	
               -0.095928	  ,              -0.095146	
               -0.121382	  ,              -0.077489	
               -0.124620	  ,              -0.018596	
               -0.109709	  ,               0.036154	
               -0.101534	  ,               0.071738	
               -0.064255	  ,               0.078172	
               -0.016172	  ,               0.072385	
                0.016118	  ,               0.067055	
                0.033486	  ,               0.042749	
                0.049293	  ,              -0.014767	
                0.044456	  ,              -0.054123	
                0.039926	  ,              -0.090028	
                0.043663	  ,              -0.084118	
                0.025419	  ,              -0.067321	
                0.015475	  ,              -0.073232	
                0.024189	  ,              -0.088309	
               -0.000528	  ,              -0.084641	
               -0.003727	  ,              -0.057464	
               -0.018565	  ,              -0.025413	
               -0.026577	  ,              -0.004175	
               -0.024051	  ,               0.007026	
               -0.012716	  ,               0.017401	
               -0.014578	  ,               0.033521	
               -0.012556	  ,               0.030531	
               -0.017474	  ,               0.033423	
               -0.006671	  ,               0.021557	
                0.008699	  ,               0.015612	
                0.018994	  ,               0.002057	
                0.017289	  ,               0.008196	
                0.008970	  ,               0.020534	
               -0.007837	  ,               0.022437	
               -0.018915	  ,               0.024068	
               -0.020876	  ,               0.020519	
               -0.018972	  ,               0.012779	
               -0.000330	  ,               0.013756	
                0.002073	  ,               0.014521	
               -0.000099	  ,               0.027380	
                0.006008	  ,               0.044246	
                0.000407	  ,               0.069219	
               -0.001339	  ,               0.086029	
                0.006169	  ,               0.095263	
                0.015672	  ,               0.087589	
                0.014333	  ,               0.075688	
                0.015186	  ,               0.051365	
                0.011952	  ,               0.002088	
                0.010912	  ,              -0.076040	
                0.008146	  ,              -0.086199	
                0.010110	  ,              -0.057590	
                0.009238	  ,              -0.066003	
                0.010760	  ,              -0.057992	
                0.011124	  ,              -0.050638	
                0.012556	  ,              -0.018075	
                0.012141	  ,              -0.000368	
                0.007362	  ,               0.005266	
                0.004345	  ,               0.000940	
                0.002739	  ,               0.005752	
                0.001365	  ,              -0.005729	
                0.002738	  ,              -0.016276	
               -0.002641	  ,               0.006937	
               -0.004627	  ,               0.015873	
                0.005602	  ,               0.029499	
                0.007882	  ,               0.043271	
                0.001170	  ,               0.065703	
                0.002218	  ,               0.086713	
               -0.003534	  ,               0.122641	
                0.003567	  ,               0.166487	
               -0.000829	  ,               0.184051	
                0.000165	  ,               0.157595	
               -0.003411	  ,               0.084945	
               -0.002591	  ,              -0.008859	
               -0.001948	  ,              -0.097132	
               -0.002309	  ,              -0.177627	
                0.002578	  ,              -0.292298	
                0.004416	  ,              -0.368772	
               -0.000694	  ,              -0.354902	
                0.004343	  ,              -0.266623	
                0.000258	  ,              -0.163234	
               -0.004837	  ,              -0.093945	
               -0.001152	  ,              -0.031121	
               -0.005260	  ,               0.026186	
               -0.010381	  ,               0.057246	
               -0.005349	  ,               0.085711	
               -0.008259	  ,               0.094471	
               -0.015734	  ,               0.086915	
               -0.014585	  ,               0.080106	
               -0.011744	  ,               0.061172	
               -0.009077	  ,               0.032265	
               -0.008269	  ,               0.016662	
                0.002538	  ,               0.012151	
                0.004208	  ,               0.016722	
                0.000282	  ,               0.005010	
                0.001585	  ,               0.030457	
                0.000681	  ,               0.053508	
               -0.006492	  ,               0.074333	
                0.007641	  ,               0.071615	
                0.009734	  ,               0.054310	
                0.000481	  ,               0.020550	
               -0.011334	  ,              -0.013365	
               -0.006748	  ,              -0.026613	
               -0.010797	  ,              -0.014858	
               -0.004521	  ,              -0.004100	
                0.001073	  ,              -0.027180	
               -0.008378	  ,              -0.006449	
               -0.014627	  ,               0.001593	
               -0.013632	  ,               0.023843	
                0.000032	  ,               0.050820	
                0.009291	  ,               0.068823	
                0.007542	  ,               0.071941	
               -0.012488	  ,               0.051030	
               -0.020677	  ,               0.037245	
               -0.008398	  ,              -0.000049	
                0.002702	  ,              -0.048176	
                0.008734	  ,              -0.041847	
                0.003098	  ,              -0.012713	
                0.001339	  ,               0.024315	
                0.002781	  ,               0.048291	
                0.004051	  ,               0.061279	
                0.000238	  ,               0.064972	
                0.005728	  ,               0.082859	
                0.004617	  ,               0.059604	
                0.010929	  ,               0.038514	
                0.011658	  ,               0.040927	
                0.020005	  ,               0.003387	
                0.016687	  ,              -0.002210	
                0.011343	  ,               0.041099	
                0.012080	  ,               0.070144	
                0.019778	  ,               0.054188	
                0.016660	  ,              -0.008811	
                0.002534	  ,              -0.103530	
               -0.011745	  ,              -0.166390	
               -0.021112	  ,              -0.200634	
               -0.019481	  ,              -0.231519	
               -0.011925	  ,              -0.240802	
               -0.002345	  ,              -0.232043	
               -0.001228	  ,              -0.192898	
               -0.006884	  ,              -0.114562	
               -0.018446	  ,              -0.041699	
               -0.020016	  ,               0.005587	
               -0.013130	  ,               0.031402	
               -0.001834	  ,               0.054642	
                0.002700	  ,               0.047387	
                0.001314	  ,               0.040808	
                0.000116	  ,               0.034994	
                0.010432	  ,               0.029715	
                0.009061	  ,               0.024921	
                0.015325	  ,               0.029178	
                0.012112	  ,               0.040812	
                0.009063	  ,               0.065954	
               -0.001272	  ,               0.062510	
               -0.002631	  ,               0.071108	
               -0.013956	  ,               0.084646	
               -0.009366	  ,               0.082123	
                0.003172	  ,               0.070794	
                0.008245	  ,               0.060501	
                0.006715	  ,               0.054763	
                0.008061	  ,               0.036002	
                0.011765	  ,               0.028577	
                0.003963	  ,               0.021801	
                0.000856	  ,               0.015505	
               -0.000065	  ,               0.017117	
               -0.006045	  ,               0.021917	
               -0.013814	  ,               0.036986	
               -0.003778	  ,               0.059620	
                0.000361	  ,               0.062476	
                0.004175	  ,               0.041342	
                0.005250	  ,               0.005345	
                0.004284	  ,              -0.028775	
                0.003475	  ,              -0.059852	
                0.014677	  ,              -0.080114	
                0.013221	  ,              -0.091240	
                0.006366	  ,              -0.068554	
                0.002763	  ,              -0.054001	
               -0.000338	  ,              -0.035206	
                0.002807	  ,              -0.028260	
               -0.011140	  ,              -0.026347	
               -0.017142	  ,              -0.028573	
               -0.007751	  ,              -0.023133	
               -0.012775	  ,              -0.018175	
               -0.014276	  ,              -0.010690	
               -0.012918	  ,               0.004382	
               -0.006658	  ,               0.026754	
               -0.001078	  ,               0.035491	
                0.001979	  ,               0.038201	
                0.010454	  ,               0.035916	
                0.004885	  ,               0.033895	
                0.001839	  ,               0.015741	
                0.006412	  ,              -0.016165	
                0.005599	  ,              -0.002477	
                0.003466	  ,               0.018025	
                0.001496	  ,               0.000497	
               -0.007926	  ,              -0.048488	
               -0.011937	  ,              -0.055035	
               -0.003108	  ,              -0.035208	
               -0.006299	  ,               0.006258	
               -0.001047	  ,               0.022671	
               -0.001896	  ,               0.008794	
                0.002336	  ,              -0.012700	
                0.001636	  ,              -0.032157	
               -0.006189	  ,              -0.035207	
               -0.007264	  ,              -0.024921	
                0.001129	  ,              -0.021587	
                0.011374	  ,              -0.013027	
                0.012672	  ,               0.004639	
                0.013815	  ,               0.016173	
                0.026300	  ,               0.022604	
                0.027968	  ,               0.039660	
                0.044871	  ,               0.042135	
                0.033693	  ,               0.044416	
                0.015212	  ,               0.042795	
               -0.022059	  ,               0.048093	
               -0.038033	  ,               0.052883	
               -0.042855	  ,               0.051747	
               -0.047334	  ,               0.048241	
               -0.019482	  ,               0.049469	
               -0.008710	  ,               0.042383	
                0.001048	  ,               0.037959	
               -0.001872	  ,               0.035518	
               -0.015610	  ,               0.031864	
               -0.022893	  ,               0.021262	
               -0.038424	  ,               0.013698	
               -0.028241	  ,               0.006822	
               -0.011469	  ,              -0.004427	
               -0.009240	  ,              -0.021233	
               -0.007177	  ,              -0.041400	
               -0.005289	  ,              -0.049394	
                0.020098	  ,              -0.061626	
                0.030940	  ,              -0.068102	
                0.027751	  ,              -0.065963	
                0.018969	  ,              -0.064000	
                0.016276	  ,              -0.065595	
                0.009024	  ,              -0.057885	
                0.011258	  ,              -0.048144	
                0.017394	  ,              -0.041818	
                0.023026	  ,              -0.033987	
                0.011239	  ,              -0.026695	
               -0.011725	  ,              -0.020281	
               -0.028096	  ,              -0.014408	
               -0.013168	  ,              -0.019761	
                0.000574	  ,              -0.013437	
                0.002975	  ,              -0.009304	
                0.009600	  ,              -0.007237	
                0.011651	  ,              -0.005386	
                0.020968	  ,              -0.001339	
                0.019301	  ,              -0.002013	
                0.011706	  ,               0.000383	
                0.018659	  ,              -0.002801	
                0.022399	  ,               0.003451	
                0.019191	  ,               0.007822	
                0.016147	  ,               0.010158	
                0.011579	  ,               0.013678	
                0.000414	  ,               0.014167	
               -0.004150	  ,               0.018211	
               -0.008207	  ,               0.016329	
               -0.017013	  ,               0.020886	
               -0.022612	  ,               0.020196	
               -0.019572	  ,               0.022885	
               -0.005544	  ,               0.017953	
                0.000540	  ,               0.018248	
                0.009827	  ,               0.012784	
                0.011493	  ,               0.011883	
                0.003820	  ,               0.013345	
               -0.003187	  ,               0.014804	
               -0.004593	  ,               0.016077	
               -0.003466	  ,               0.018360	
               -0.009074	  ,               0.019284	
               -0.014356	  ,               0.014274	
               -0.028447	  ,               0.008243	
               -0.042734	  ,               0.008645	
               -0.037244	  ,               0.004807	
               -0.028898	  ,               0.008757	
               -0.027505	  ,               0.003241	
               -0.023566	  ,              -0.000581	
               -0.012334	  ,               0.004908	
               -0.004809	  ,               0.005325	
               -0.003523	  ,              -0.004237	
                0.000179	  ,               0.001787	
                0.008000	  ,               0.000556	
                0.011095	  ,              -0.000651	
                0.008424	  ,              -0.003514	
                0.005897	  ,              -0.006184	
                0.003713	  ,               0.002183	
                0.003040	  ,              -0.003445	
                0.004748	  ,              -0.002442	
                0.007661	  ,               0.000275	
                0.008197	  ,              -0.003918	
                0.007868	  ,               0.007641	
                0.006668	  ,               0.002634	
                0.008493	  ,              -0.001845	
                0.009492	  ,              -0.000407	
                0.007798	  ,              -0.001484	
                0.010842	  ,              -0.002384	
                0.007959	  ,              -0.001247	
                0.009804	  ,              -0.000274	
                0.011485	  ,              -0.002670	
                0.007751	  ,               0.002710	
                0.014668	  ,              -0.003584	
                0.013644	  ,              -0.012918	
                0.007216	  ,              -0.011596	
                0.004683	  ,              -0.012481	
                0.005358	  ,              -0.011343	
                0.007381	  ,              -0.002760	
                0.010412	  ,              -0.003651	
                0.009892	  ,              -0.000497	
                0.002096	  ,              -0.001245	
                0.001065	  ,               0.004777	
               -0.001993	  ,               0.007078	
               -0.008423	  ,               0.002257	
               -0.016195	  ,              -0.003418	
               -0.010949	  ,              -0.004034	
               -0.006383	  ,              -0.006002	
               -0.012302	  ,              -0.001715	
               -0.002334	  ,              -0.004528	
               -0.001001	  ,              -0.003969	
                0.012849	  ,              -0.000888	
                0.022149	  ,               0.000327	
                0.030613	  ,              -0.003213	
                0.026048	  ,               0.003722	
                0.030113	  ,              -0.001519	
                0.028940	  ,              -0.004229	
                0.025737	  ,               0.000010	
                0.018467	  ,              -0.000656	
                0.004404	  ,               0.001373	
               -0.009858	  ,               0.004421	
               -0.037836	  ,               0.003925	
               -0.057862	  ,               0.004440	
               -0.054383	  ,               0.005620	
               -0.044649	  ,               0.004444	
               -0.029840	  ,               0.008689	
               -0.032621	  ,              -0.000099	
               -0.025410	  ,              -0.006351	
               -0.027657	  ,              -0.005322	
               -0.033746	  ,              -0.002247	
               -0.020630	  ,              -0.001381	
               -0.012042	  ,              -0.000512	
               -0.004296	  ,               0.003232	
                0.005479	  ,              -0.000312	
                0.006777	  ,               0.003932	
                0.007884	  ,              -0.001306	
                0.009007	  ,              -0.000632	
                0.015560	  ,              -0.000133	
                0.019930	  ,              -0.000637	
                0.016361	  ,              -0.005368	
                0.012948	  ,              -0.001138	
                0.010026	  ,               0.001732	
                0.006074	  ,              -0.003029	
                0.000418	  ,               0.001172	
               -0.004736	  ,               0.006371	
               -0.001102	  ,               0.008323	
                0.000668	  ,               0.003995	
                0.001244	  ,              -0.000196	
                0.001810	  ,               0.007396	
                0.004896	  ,               0.006141	
                0.006104	  ,               0.000625	
                0.006429	  ,              -0.006084	
                0.006051	  ,               0.001434	
                0.010394	  ,              -0.001807	
                0.019119	  ,               0.002665	
                0.022761	  ,              -0.005072	
                0.017087	  ,              -0.005916	
                0.018022	  ,              -0.010233	
                0.017109	  ,              -0.004064	
                0.014528	  ,               0.003119	
                0.003034	  ,               0.002507	
               -0.004530	  ,               0.010317	
               -0.002761	  ,               0.009646	
               -0.007218	  ,              -0.000171	
               -0.011153	  ,               0.001344	
                0.000310	  ,              -0.009823	
                0.014306	  ,              -0.008139	
                0.031161	  ,              -0.003923	
                0.046813	  ,              -0.007487	
                0.052963	  ,              -0.008350	
                0.043704	  ,              -0.005167	
                0.038650	  ,              -0.002313	
                0.031039	  ,              -0.004712	
                0.024091	  ,              -0.009826	
                0.012754	  ,              -0.003272	
               -0.004155	  ,              -0.002316	
               -0.019683	  ,              -0.005953	
               -0.050266	  ,              -0.009445	
               -0.098762	  ,              -0.003662	
               -0.105138	  ,              -0.002998	
               -0.087657	  ,               0.000468	
               -0.071697	  ,               0.007274	
               -0.047434	  ,               0.007931	
               -0.025373	  ,               0.008540	
               -0.029213	  ,               0.010454	
               -0.032746	  ,               0.012158	
               -0.035956	  ,               0.002344	
               -0.033096	  ,               0.000669	
               -0.019431	  ,               0.004093	
               -0.002224	  ,               0.007070	
                0.008866	  ,               0.016373	
                0.014866	  ,               0.017471	
                0.020357	  ,               0.020709	
                0.021981	  ,               0.032201	
                0.017381	  ,               0.039732	
                0.021416	  ,               0.052112	
                0.025090	  ,               0.077361	
                0.032778	  ,               0.095296	
                0.039944	  ,               0.091898	
                0.053899	  ,               0.076856	
                0.055816	  ,               0.046721	
                0.053789	  ,              -0.005211	
                0.051871	  ,              -0.068883	
                0.044000	  ,              -0.145997	
                0.039671	  ,              -0.197638	
                0.028080	  ,              -0.206727	
                0.017142	  ,              -0.163311	
               -0.003948	  ,              -0.123952	
               -0.031296	  ,              -0.088148	
               -0.049664	  ,              -0.042730	
               -0.053127	  ,              -0.013248	
               -0.062169	  ,               0.002873	
               -0.059660	  ,               0.007815	
               -0.057381	  ,               0.012394	
               -0.046281	  ,               0.016451	
               -0.032136	  ,               0.020168	
               -0.019120	  ,               0.023550	
               -0.003849	  ,               0.026598	
               -0.001735	  ,               0.034893	
                0.007656	  ,               0.027738	
                0.009422	  ,               0.029995	
                0.013995	  ,               0.032054	
                0.018031	  ,               0.030197	
                0.021693	  ,               0.035246	
                0.013834	  ,               0.045853	
                0.012736	  ,               0.047155	
                0.006232	  ,               0.053372	
                0.006980	  ,               0.070435	
                0.001617	  ,               0.102700	
                0.007921	  ,               0.107025	
                0.001941	  ,               0.118798	
                0.004159	  ,               0.122318	
                0.014908	  ,               0.119102	
                0.025704	  ,               0.116204	
                0.024529	  ,               0.091439	
                0.025894	  ,               0.054995	
                0.029307	  ,               0.021146	
                0.024280	  ,              -0.027378	
                0.025376	  ,              -0.072513	
                0.019728	  ,              -0.113393	
                0.008493	  ,              -0.161352	
               -0.016608	  ,              -0.116041	
               -0.041682	  ,              -0.051318	
               -0.044607	  ,              -0.008145	
               -0.023493	  ,              -0.015919	
                0.006951	  ,               0.005406	
                0.011230	  ,               0.011831	
               -0.006483	  ,              -0.005620	
                0.010302	  ,              -0.085684	
                0.037739	  ,              -0.189292	
                0.063469	  ,              -0.314538	
                0.067018	  ,              -0.297840	
                0.058517	  ,              -0.190858	
                0.039654	  ,              -0.093758	
                0.042227	  ,              -0.005669	
                0.026838	  ,               0.005613	
                0.016822	  ,               0.015752	
                0.000182	  ,               0.044089	
               -0.015304	  ,               0.069968	
               -0.021352	  ,               0.062200	
               -0.049230	  ,               0.069325	
               -0.101301	  ,               0.075758	
               -0.094159	  ,               0.069485	
               -0.072778	  ,               0.063684	
               -0.079136	  ,               0.047711	
               -0.084812	  ,               0.042872	
               -0.079487	  ,               0.038329	
               -0.055213	  ,               0.066081	
               -0.033138	  ,               0.091301	
                0.010918	  ,               0.094410	
                0.028394	  ,               0.091455	
                0.044339	  ,               0.088713	
                0.049092	  ,               0.081404	
                0.044665	  ,               0.065804	
                0.032744	  ,               0.043261	
                0.043453	  ,               0.016109	
                0.046518	  ,               0.019518	
                0.037539	  ,               0.029115	
                0.012640	  ,               0.013941	
               -0.004004	  ,              -0.016486	
               -0.019117	  ,              -0.036847	
               -0.016618	  ,              -0.026467	
               -0.014460	  ,              -0.003961	
               -0.008091	  ,              -0.007406	
               -0.010349	  ,              -0.049166	
               -0.012450	  ,              -0.079203	
               -0.021188	  ,              -0.074815	
               -0.016949	  ,              -0.080450	
                0.000792	  ,              -0.085755	
                0.002758	  ,              -0.106531	
               -0.013240	  ,              -0.067119	
               -0.003553	  ,              -0.019601	
               -0.017057	  ,              -0.000557	
               -0.036133	  ,              -0.006320	
               -0.063783	  ,              -0.000918	
               -0.053295	  ,               0.013745	
               -0.037153	  ,               0.018467	
               -0.028553	  ,               0.014864	
               -0.015011	  ,              -0.017738	
               -0.007858	  ,              -0.048400	
                0.007625	  ,              -0.036465	
                0.021807	  ,              -0.010960	
                0.034829	  ,              -0.000816	
                0.036525	  ,               0.008557	
                0.041074	  ,               0.012046	
                0.039689	  ,               0.005609	
                0.035915	  ,              -0.000239	
                0.036864	  ,               0.022901	
                0.029516	  ,               0.044266	
                0.028619	  ,               0.058510	
                0.020807	  ,               0.061343	
                0.005048	  ,               0.063916	
                0.007214	  ,               0.058145	
                0.009255	  ,               0.056554	
                0.011182	  ,               0.061854	
                0.009591	  ,               0.048165	
                0.008202	  ,               0.024174	
                0.004317	  ,              -0.018567	
                0.010806	  ,              -0.047563	
                0.003296	  ,              -0.073767	
                0.008848	  ,              -0.068649	
                0.023202	  ,              -0.063883	
                0.037725	  ,              -0.051687	
                0.036159	  ,              -0.018547	
                0.034742	  ,               0.012573	
                0.033469	  ,               0.048891	
                0.026763	  ,               0.082992	
                0.028159	  ,               0.087767	
                0.011263	  ,               0.108235	
               -0.015814	  ,               0.105145	
               -0.019236	  ,               0.102333	
               -0.009322	  ,               0.105481	
               -0.012107	  ,               0.119323	
               -0.014732	  ,               0.141724	
                0.002585	  ,               0.138816	
                0.022936	  ,               0.119591	
                0.025683	  ,               0.082179	
                0.038067	  ,               0.001961	
                0.040323	  ,              -0.078827	
                0.038351	  ,              -0.152046	
                0.025358	  ,              -0.237801	
                0.003379	  ,              -0.272532	
               -0.023657	  ,              -0.282957	
               -0.048981	  ,              -0.292444	
               -0.065286	  ,              -0.232040	
               -0.092239	  ,              -0.145976	
               -0.102972	  ,              -0.065504	
               -0.093061	  ,              -0.013436	
               -0.084146	  ,              -0.003931	
               -0.086738	  ,              -0.029698	
               -0.084247	  ,              -0.068577	
               -0.077525	  ,              -0.089632	
               -0.054895	  ,              -0.108607	
               -0.027703	  ,              -0.055339	
               -0.009502	  ,               0.023291	
                0.006984	  ,               0.096514	
                0.015822	  ,               0.144207	
                0.007705	  ,               0.135856	
                0.010058	  ,               0.143879	
                0.012209	  ,               0.165385	
                0.014173	  ,               0.159098	
                0.019665	  ,               0.141735	
                0.021234	  ,               0.125834	
                0.017207	  ,               0.106831	
                0.015548	  ,               0.063089	
                0.014043	  ,               0.022027	
                0.010159	  ,              -0.004675	
                0.008971	  ,              -0.058133	
                0.016067	  ,              -0.079675	
                0.020448	  ,              -0.073506	
                0.022787	  ,              -0.068044	
                0.027829	  ,              -0.052423	
                0.026953	  ,              -0.067075	
                0.027262	  ,              -0.045339	
                0.034661	  ,              -0.041668	
                0.035450	  ,              -0.096507	
                0.030648	  ,              -0.151351	
                0.027855	  ,              -0.101840	
                0.029796	  ,              -0.056939	
                0.034425	  ,               0.030900	
                0.038366	  ,               0.118863	
                0.037583	  ,               0.152993	
                0.044091	  ,               0.183719	
                0.037414	  ,               0.173843	
                0.032958	  ,               0.182066	
                0.021242	  ,               0.158282	
                0.002430	  ,               0.164916	
                0.004606	  ,               0.158007	
                0.011039	  ,               0.128262	
                0.004801	  ,               0.058444	
               -0.008381	  ,              -0.008350	
               -0.033920	  ,              -0.069250	
               -0.074179	  ,              -0.093074	
               -0.079582	  ,              -0.057968	
               -0.045886	  ,              -0.051882	
               -0.032807	  ,              -0.069532	
               -0.036777	  ,              -0.117672	
               -0.025974	  ,              -0.176041	
               -0.029151	  ,              -0.215075	
               -0.026184	  ,              -0.207936	
               -0.028778	  ,              -0.188639	
               -0.026278	  ,              -0.159395	
               -0.019526	  ,              -0.122207	
               -0.013252	  ,              -0.107856	
               -0.003730	  ,              -0.103433	
                0.004951	  ,              -0.059387	
                0.003675	  ,              -0.018353	
                0.007982	  ,               0.018945	
                0.007031	  ,               0.043158	
                0.008283	  ,               0.073930	
                0.011565	  ,               0.085725	
                0.014503	  ,               0.089177	
                0.008804	  ,               0.085805	
                0.012743	  ,               0.076812	
                0.012273	  ,               0.057460	
                0.011960	  ,               0.044838	
                0.008083	  ,               0.046780	
                0.012987	  ,               0.048566	
                0.011450	  ,               0.053868	
                0.013289	  ,               0.051877	
                0.013943	  ,               0.050081	
                0.013738	  ,               0.042916	
                0.014207	  ,               0.033928	
                0.013990	  ,               0.028174	
                0.011727	  ,               0.035319	
                0.016901	  ,               0.043671	
                0.014962	  ,               0.044563	
                0.014530	  ,               0.045454	
                0.009353	  ,               0.040846	
                0.005859	  ,               0.034955	
                0.007600	  ,               0.023556	
                0.004757	  ,               0.008498	
               -0.003004	  ,              -0.001495	
                0.004793	  ,              -0.003213	
                0.012053	  ,              -0.011583	
                0.005606	  ,              -0.034520	
               -0.005605	  ,              -0.070878	
               -0.013284	  ,              -0.095073	
               -0.006413	  ,              -0.073127	
               -0.005286	  ,              -0.045288	
               -0.008565	  ,              -0.020027	
               -0.015915	  ,              -0.003778	
               -0.024462	  ,              -0.001082	
               -0.023549	  ,               0.006881	
               -0.033107	  ,               0.004428	
               -0.041949	  ,               0.006591	
               -0.040951	  ,               0.004549	
               -0.039961	  ,               0.010127	
               -0.025921	  ,               0.005049	
               -0.011712	  ,               0.006603	
               -0.002414	  ,               0.005364	
                0.006038	  ,               0.004383	
                0.007558	  ,               0.005695	
                0.017223	  ,               0.017563	
                0.008462	  ,               0.013391	
                0.009519	  ,               0.015166	
                0.008553	  ,               0.011896	
                0.004012	  ,               0.006772	
                0.001509	  ,               0.004192	
                0.002227	  ,               0.001935	
                0.005805	  ,              -0.000170	
                0.004134	  ,              -0.006707	
                0.002452	  ,              -0.009059	
                0.003968	  ,              -0.018240	
                0.005303	  ,              -0.047613	
                0.007477	  ,              -0.053684	
                0.009481	  ,              -0.036415	
                0.011296	  ,              -0.008953	
                0.006694	  ,               0.002133	
                0.008339	  ,              -0.000893	
                0.004241	  ,               0.002103	
                0.001670	  ,              -0.000519	
                0.003845	  ,               0.001943	
                0.003473	  ,               0.004265	
               -0.000127	  ,               0.002386	
               -0.001350	  ,               0.000684	
               -0.003420	  ,               0.002531	
               -0.003133	  ,               0.001101	
               -0.000821	  ,               0.008112	
                0.003515	  ,               0.004476	
                0.002949	  ,               0.007774	
                0.001361	  ,               0.006869	
                0.008233	  ,               0.007820	
                0.000888	  ,               0.000113	
                0.007253	  ,               0.001188	
                0.006351	  ,              -0.001480	
                0.005600	  ,               0.004463	
                0.001949	  ,              -0.005493	
                0.002360	  ,              -0.017990	
                0.002780	  ,              -0.009465	
                0.000154	  ,              -0.004792	
               -0.002989	  ,              -0.000596	
               -0.002741	  ,               0.003265	
                0.001397	  ,               0.000173	
               -0.002738	  ,              -0.000748	
                0.003979	  ,              -0.001522	
               -0.002450	  ,               0.002742	
               -0.001586	  ,               0.003414	
                0.005388	  ,              -0.000168	
                0.004598	  ,              -0.004466	
                0.003853	  ,              -0.013346	
               -0.007553	  ,              -0.007190	
               -0.012522	  ,               0.000449	
               -0.010897	  ,               0.001294	
               -0.012136	  ,               0.015151	
               -0.000713	  ,               0.029159	
               -0.008243	  ,               0.030835	
               -0.015109	  ,               0.032374	
               -0.006246	  ,               0.033798	
               -0.005171	  ,               0.029691	
                0.000122	  ,               0.028518	
                0.002877	  ,               0.034207	
                0.007144	  ,               0.037444	
                0.006494	  ,               0.025457	
                0.001603	  ,               0.000211	
                0.008543	  ,              -0.039820	
                0.000073	  ,              -0.066310	
                0.003267	  ,              -0.022582	
               -0.004040	  ,               0.006762	
               -0.008652	  ,               0.012081	
               -0.014624	  ,              -0.012055	
               -0.007742	  ,              -0.042805	
                0.000679	  ,              -0.062751	
               -0.007122	  ,              -0.059187	
               -0.004092	  ,              -0.049383	
                0.002318	  ,              -0.010365	
                0.003168	  ,              -0.005173	
                0.003888	  ,              -0.019571	
                0.000380	  ,              -0.023979	
                0.006180	  ,              -0.043942	
                0.004039	  ,              -0.040416	
                0.006112	  ,              -0.017445	
                0.006645	  ,              -0.002617	
                0.006143	  ,               0.010994	
                0.013909	  ,               0.013223	
                0.021658	  ,               0.001897	
                0.016361	  ,               0.007818	
                0.015446	  ,               0.005816	
                0.016199	  ,               0.007438	
                0.019808	  ,               0.006043	
                0.010384	  ,               0.013194	
                0.009079	  ,               0.022192	
                0.003355	  ,               0.037211	
               -0.012506	  ,               0.039335	
               -0.037286	  ,               0.052441	
               -0.034118	  ,               0.061001	
               -0.031307	  ,               0.062651	
               -0.023248	  ,               0.066839	
               -0.035612	  ,               0.058141	
               -0.020020	  ,               0.052621	
               -0.017949	  ,               0.059937	
               -0.012337	  ,               0.059110	
               -0.014004	  ,               0.054854	
               -0.003322	  ,               0.043286	
                0.000795	  ,               0.017783	
                0.007164	  ,              -0.015182	
                0.004119	  ,              -0.055105	
                0.005322	  ,              -0.081849	
                0.011951	  ,              -0.106248	
                0.011317	  ,              -0.146204	
                0.013721	  ,              -0.172982	
                0.015965	  ,              -0.139338	
                0.020405	  ,              -0.073371	
                0.022295	  ,              -0.026088	
                0.027223	  ,              -0.017442	
                0.026038	  ,              -0.002532	
                0.026703	  ,               0.020790	
                0.023969	  ,               0.027821	
                0.021574	  ,               0.034195	
                0.014774	  ,               0.039920	
               -0.000829	  ,               0.045137	
               -0.011872	  ,               0.040320	
               -0.013779	  ,               0.044649	
               -0.011794	  ,               0.064523	
               -0.023528	  ,               0.046306	
               -0.043403	  ,               0.016382	
               -0.035217	  ,               0.004427	
               -0.027896	  ,               0.000785	
               -0.025678	  ,               0.010520	
               -0.011501	  ,               0.013272	
                0.001442	  ,               0.021240	
                0.016563	  ,               0.033438	
                0.022546	  ,               0.048874	
                0.031754	  ,               0.050805	
                0.036727	  ,               0.041399	
                0.038148	  ,               0.015898	
                0.042136	  ,              -0.038902	
                0.045764	  ,              -0.156463	
                0.040100	  ,              -0.173370	
                0.030565	  ,              -0.127661	
                0.034222	  ,              -0.058197	
                0.019260	  ,              -0.020464	
               -0.011429	  ,              -0.008892	
               -0.033475	  ,              -0.019112	
               -0.013567	  ,              -0.028483	
               -0.017178	  ,              -0.019789	
               -0.040215	  ,               0.003538	
               -0.055113	  ,               0.024757	
               -0.052396	  ,               0.030983	
               -0.035147	  ,               0.036449	
               -0.028552	  ,               0.062642	
               -0.022474	  ,               0.076597	
               -0.031784	  ,               0.098066	
               -0.053796	  ,               0.093545	
               -0.068699	  ,               0.089340	
               -0.066022	  ,               0.072273	
               -0.058813	  ,               0.062843	
               -0.043374	  ,               0.037553	
               -0.025089	  ,               0.027221	
               -0.017984	  ,              -0.006139	
               -0.006986	  ,              -0.019579	
                0.007059	  ,              -0.079779	
                0.012441	  ,              -0.140195	
                0.024039	  ,              -0.132197	
                0.031391	  ,              -0.096213	
                0.032469	  ,              -0.050512	
                0.028468	  ,              -0.020661	
                0.025000	  ,              -0.014807	
                0.023771	  ,              -0.009493	
                0.022704	  ,               0.013054	
                0.023320	  ,              -0.006383	
                0.022455	  ,               0.004927	
                0.023029	  ,               0.035112	
                0.032466	  ,               0.063382	
                0.039405	  ,               0.052897	
                0.040607	  ,               0.030229	
                0.046202	  ,               0.009757	
                0.061966	  ,               0.034731	
                0.077610	  ,               0.038154	
                0.067573	  ,               0.035434	
                0.050970	  ,               0.027404	
                0.026424	  ,               0.010169	
                0.016774	  ,               0.012390	
                0.008113	  ,               0.018533	
               -0.016468	  ,               0.024234	
               -0.013145	  ,               0.019375	
               -0.027926	  ,               0.008936	
               -0.041541	  ,              -0.011725	
               -0.039076	  ,              -0.056598	
               -0.036798	  ,              -0.088591	
               -0.038769	  ,              -0.105549	
               -0.048015	  ,              -0.099791	
               -0.049661	  ,              -0.084841	
               -0.048111	  ,              -0.044490	
               -0.049444	  ,               0.014760	
               -0.045685	  ,               0.054335	
               -0.042414	  ,               0.104502	
               -0.026626	  ,               0.124193	
               -0.010998	  ,               0.142053	
               -0.000774	  ,               0.147717	
                0.001182	  ,               0.172235	
                0.009731	  ,               0.194501	
                0.011342	  ,               0.158671	
                0.018348	  ,               0.115154	
                0.037364	  ,               0.062242	
                0.062126	  ,               0.012468	
                0.065438	  ,              -0.032748	
                0.062684	  ,              -0.109262	
                0.043719	  ,              -0.161553	
                0.031519	  ,              -0.171359	
                0.042828	  ,              -0.163189	
                0.057183	  ,              -0.218327	
                0.051749	  ,              -0.282949	
                0.046816	  ,              -0.257464	
                0.033070	  ,              -0.218620	
                0.005277	  ,              -0.169017	
               -0.026253	  ,              -0.104805	
               -0.022278	  ,              -0.059676	
               -0.018664	  ,              -0.018700	
               -0.048388	  ,               0.018573	
               -0.092334	  ,               0.062304	
               -0.109746	  ,               0.091546	
               -0.104534	  ,               0.096669	
               -0.090244	  ,               0.072347	
               -0.068386	  ,               0.050253	
               -0.048619	  ,               0.078062	
               -0.052429	  ,               0.110733	
               -0.049512	  ,               0.132523	
               -0.041019	  ,               0.152265	
               -0.022212	  ,               0.170119	
               -0.010175	  ,               0.140084	
                0.014228	  ,               0.095887	
                0.030337	  ,               0.031089	
                0.032915	  ,              -0.046690	
                0.029958	  ,              -0.057138	
                0.037027	  ,              -0.028859	
                0.025737	  ,              -0.054907	
                0.027684	  ,              -0.141268	
                0.029474	  ,              -0.153114	
                0.027723	  ,              -0.101482	
                0.023112	  ,              -0.092533	
                0.019010	  ,              -0.084504	
                0.017824	  ,              -0.046034	
                0.023429	  ,              -0.011172	
                0.011941	  ,               0.033358	
                0.007384	  ,               0.050241	
                0.003354	  ,               0.023138	
                0.009637	  ,               0.017851	
                0.012903	  ,               0.057039	
                0.022466	  ,               0.072356	
                0.026295	  ,               0.086164	
                0.029602	  ,               0.098894	
                0.018219	  ,               0.102527	
                0.016832	  ,               0.099019	
                0.001748	  ,               0.049689	
               -0.004189	  ,               0.014472	
               -0.009626	  ,               0.059902	
                0.002330	  ,               0.113138	
                0.003947	  ,               0.134693	
                0.002666	  ,               0.115577	
               -0.001008	  ,               0.062797	
               -0.004177	  ,              -0.043648	
                0.001088	  ,              -0.119734	
               -0.005361	  ,              -0.133176	
               -0.007986	  ,              -0.120129	
               -0.010328	  ,              -0.108035	
               -0.008487	  ,              -0.138499	
               -0.011752	  ,              -0.128328	
               -0.013652	  ,              -0.118991	
               -0.006019	  ,              -0.047739	
                0.010953	  ,               0.019270	
                0.033246	  ,               0.028585	
                0.048191	  ,               0.005894	
                0.067466	  ,              -0.014844	
                0.080045	  ,              -0.007940	
                0.078112	  ,               0.009864	
                0.059994	  ,               0.026089	
                0.043061	  ,               0.031095	
                0.014120	  ,               0.026903	
               -0.021596	  ,              -0.016961	
               -0.035647	  ,              -0.046174	
               -0.039698	  ,              -0.062119	
               -0.067274	  ,              -0.047868	
               -0.092341	  ,              -0.026057	
               -0.115064	  ,              -0.006311	
               -0.117706	  ,               0.048191	
               -0.098376	  ,               0.087201	
               -0.070980	  ,               0.136873	
               -0.052750	  ,               0.143208	
               -0.029651	  ,               0.172447	
               -0.038402	  ,               0.167280	
               -0.030265	  ,               0.191530	
               -0.003032	  ,               0.169605	
                0.015033	  ,               0.109641	
                0.018210	  ,               0.101079	
                0.033027	  ,               0.093346	
                0.030227	  ,               0.072060	
                0.017792	  ,               0.052762	
                0.015518	  ,               0.011754	
                0.025580	  ,              -0.068309	
                0.012499	  ,              -0.194887	
                0.004017	  ,              -0.380057	
                0.005514	  ,              -0.453987	
                0.006788	  ,              -0.431893	
                0.018019	  ,              -0.330538	
                0.028550	  ,              -0.275476	
                0.027068	  ,              -0.191912	
                0.020681	  ,              -0.085368	
                0.023751	  ,              -0.016416	
                0.024643	  ,              -0.029550	
                0.038522	  ,              -0.041741	
                0.048426	  ,              -0.032186	
                0.072315	  ,              -0.004613	
                0.081810	  ,               0.037654	
                0.078595	  ,               0.060177	
                0.070117	  ,               0.094895	
                0.057394	  ,               0.113389	
                0.016603	  ,               0.122117	
               -0.017372	  ,               0.127248	
               -0.070890	  ,               0.121557	
               -0.106569	  ,               0.116512	
               -0.125900	  ,               0.120750	
               -0.120112	  ,               0.124522	
               -0.093457	  ,               0.127998	
               -0.088563	  ,               0.131211	
               -0.066424	  ,               0.128366	
               -0.046329	  ,               0.120348	
               -0.020847	  ,               0.122966	
               -0.010964	  ,               0.107683	
               -0.013799	  ,               0.089474	
                0.005316	  ,               0.067282	
                0.022572	  ,               0.028261	
                0.024792	  ,              -0.008947	
                0.039017	  ,              -0.062278	
                0.037187	  ,              -0.083700	
                0.045678	  ,              -0.090238	
                0.047279	  ,              -0.096086	
                0.051476	  ,              -0.112064	
                0.057932	  ,              -0.116903	
                0.050367	  ,              -0.077313	
                0.041137	  ,              -0.061535	
                0.042560	  ,              -0.047149	
                0.027904	  ,              -0.016216	
                0.026107	  ,               0.003955	
                0.024489	  ,               0.000621	
                0.006120	  ,              -0.008943	
               -0.005987	  ,               0.006186	
               -0.003569	  ,              -0.007255	
               -0.025861	  ,              -0.024159	
               -0.046471	  ,               0.000890	
               -0.043562	  ,               0.024121	
               -0.016164	  ,               0.033063	
               -0.005231	  ,               0.046815	
               -0.001953	  ,               0.059303	
               -0.004803	  ,               0.070752	
               -0.007502	  ,               0.085434	
                0.009731	  ,               0.099021	
               -0.005882	  ,               0.091208	
                0.016547	  ,               0.081301	
                0.061455	  ,               0.066868	
                0.080639	  ,               0.045071	
                0.074804	  ,               0.024843	
                0.069475	  ,               0.006244	
                0.064661	  ,               0.024021	
                0.060187	  ,               0.035692	
                0.040159	  ,               0.005561	
               -0.000070	  ,              -0.042526	
               -0.048323	  ,              -0.113390	
               -0.080952	  ,              -0.122594	
               -0.122291	  ,              -0.148270	
               -0.138666	  ,              -0.140310	
               -0.143916	  ,              -0.147254	
               -0.148848	  ,              -0.166301	
               -0.113328	  ,              -0.136577	
               -0.089644	  ,              -0.131020	
               -0.068146	  ,              -0.174449	
               -0.040660	  ,              -0.145078	
               -0.022843	  ,              -0.075732	
                0.000009	  ,              -0.009497	
                0.008772	  ,               0.050777	
                0.011536	  ,               0.089742	
                0.018896	  ,               0.139451	
                0.016804	  ,               0.184721	
                0.027065	  ,               0.179083	
                0.021606	  ,               0.173825	
                0.016629	  ,               0.149553	
                0.012159	  ,               0.153848	
                0.021888	  ,               0.149861	
                0.023151	  ,               0.095124	
                0.024276	  ,              -0.022393	
                0.035876	  ,              -0.106576	
                0.043561	  ,              -0.152530	
                0.036723	  ,              -0.166545	
                0.028032	  ,              -0.154181	
                0.022552	  ,              -0.119890	
                0.021630	  ,              -0.109821	
                0.011392	  ,              -0.138494	
                0.007400	  ,              -0.112856	
                0.001234	  ,              -0.027022	
                0.011612	  ,               0.007215	
                0.032474	  ,               0.038096	
                0.047423	  ,               0.028446	
                0.055649	  ,               0.036981	
                0.053392	  ,               0.044771	
                0.055694	  ,               0.066157	
                0.049697	  ,               0.085541	
                0.036765	  ,               0.079863	
                0.031789	  ,               0.074659	
                0.021218	  ,               0.098805	
                0.000520	  ,               0.138463	
               -0.008137	  ,               0.143541	
               -0.016131	  ,               0.109484	
               -0.028381	  ,               0.095978	
               -0.048619	  ,               0.067715	
               -0.018464	  ,               0.049254	
                0.009480	  ,               0.071928	
                0.042295	  ,               0.068673	
                0.064244	  ,               0.049137	
                0.072466	  ,               0.007245	
                0.076302	  ,              -0.030379	
                0.079825	  ,              -0.110740	
                0.070009	  ,              -0.260555	
                0.078842	  ,              -0.159128	
                0.065226	  ,              -0.103791	
                0.028143	  ,              -0.053440	
               -0.051704	  ,              -0.007683	
               -0.109022	  ,               0.006045	
               -0.160930	  ,              -0.006576	
               -0.189162	  ,              -0.041094	
               -0.163117	  ,              -0.113926	
               -0.139635	  ,              -0.199193	
               -0.118212	  ,              -0.187473	
               -0.098839	  ,              -0.093359	
               -0.069515	  ,              -0.030028	
               -0.053577	  ,               0.004693	
               -0.039175	  ,               0.015256	
               -0.025963	  ,               0.024991	
               -0.037794	  ,               0.051121	
               -0.026951	  ,               0.074594	
               -0.010581	  ,               0.081687	
               -0.019455	  ,               0.100813	
               -0.022273	  ,               0.106255	
               -0.010065	  ,               0.132444	
                0.005333	  ,               0.117714	
                0.011236	  ,               0.086612	
                0.024031	  ,               0.066464	
                0.018747	  ,               0.055558	
                0.038523	  ,               0.032534	
                0.041026	  ,               0.017607	
                0.048097	  ,              -0.023516	
                0.041296	  ,              -0.076463	
                0.047178	  ,              -0.126171	
                0.052566	  ,              -0.145474	
                0.054079	  ,              -0.139690	
                0.049335	  ,              -0.102383	
                0.050499	  ,              -0.068313	
                0.044042	  ,              -0.019281	
                0.036049	  ,               0.000626	
                0.030602	  ,               0.030465	
                0.033103	  ,               0.046861	
                0.028659	  ,               0.081099	
                0.032165	  ,               0.085801	
                0.025521	  ,               0.089892	
                0.015843	  ,               0.064664	
                0.016826	  ,               0.067965	
                0.013454	  ,               0.065130	
                0.006060	  ,               0.051431	
               -0.008082	  ,               0.039041	
               -0.026602	  ,               0.009695	
               -0.024310	  ,              -0.002311	
               -0.026598	  ,               0.001035	
               -0.032789	  ,              -0.035579	
               -0.019867	  ,              -0.040633	
               -0.014888	  ,               0.007727	
               -0.013456	  ,               0.039927	
                0.004534	  ,               0.045695	
                0.011665	  ,               0.029884	
                0.027083	  ,               0.005803	
                0.028979	  ,              -0.024819	
                0.027035	  ,              -0.052587	
                0.021967	  ,              -0.048945	
                0.017488	  ,              -0.052163	
                0.016287	  ,              -0.067025	
                0.000076	  ,              -0.107981	
               -0.015244	  ,              -0.136974	
               -0.025103	  ,              -0.120692	
               -0.034090	  ,              -0.047436	
               -0.008372	  ,               0.005172	
                0.002783	  ,               0.034035	
                0.012942	  ,               0.094764	
                0.016179	  ,               0.118367	
                0.008408	  ,               0.111474	
                0.001478	  ,               0.105194	
                0.012987	  ,               0.052343	
               -0.013233	  ,               0.002640	
               -0.038276	  ,              -0.029712	
               -0.028139	  ,               0.023142	
               -0.030720	  ,               0.058565	
               -0.022307	  ,               0.052057	
               -0.009687	  ,               0.034634	
               -0.016031	  ,               0.039932	
               -0.025964	  ,              -0.003735	
               -0.031355	  ,              -0.044763	
               -0.022726	  ,              -0.124886	
               -0.021067	  ,              -0.251531	
               -0.016908	  ,              -0.301990	
               -0.020556	  ,              -0.225500	
               -0.017299	  ,              -0.128175	
               -0.012035	  ,              -0.039804	
               -0.003591	  ,               0.017771	
                0.004167	  ,               0.048938	
                0.005132	  ,               0.058433	
                0.007779	  ,               0.067055	
                0.011939	  ,               0.074827	
                0.012547	  ,               0.096085	
                0.021782	  ,               0.102432	
                0.017978	  ,               0.096606	
                0.014656	  ,               0.112422	
                0.019771	  ,               0.107554	
                0.023514	  ,               0.086767	
                0.014921	  ,               0.073401	
                0.011583	  ,               0.077131	
               -0.000043	  ,               0.066107	
               -0.001690	  ,               0.016346	
               -0.008748	  ,              -0.005124	
               -0.007689	  ,              -0.011681	
               -0.004587	  ,              -0.052751	
               -0.007739	  ,              -0.047665	
               -0.006997	  ,              -0.033472	
               -0.007948	  ,               0.006077	
               -0.005860	  ,               0.021767	
                0.000450	  ,               0.007205	
                0.006261	  ,              -0.032709	
               -0.003829	  ,              -0.080908	
               -0.002595	  ,              -0.152303	
               -0.006439	  ,              -0.124064	
                0.001223	  ,              -0.063805	
               -0.001940	  ,               0.006696	
               -0.001175	  ,               0.035124	
               -0.000398	  ,               0.043775	
                0.000219	  ,               0.051616	
                0.003710	  ,               0.058769	
                0.007873	  ,               0.052361	
                0.006107	  ,               0.046604	
                0.005542	  ,               0.041272	
                0.008524	  ,               0.016916	
                0.005598	  ,              -0.023026	
                0.004576	  ,              -0.081900	
                0.002214	  ,              -0.121144	
                0.005284	  ,              -0.071602	
                0.007182	  ,              -0.026651	
                0.005526	  ,               0.002412	
                0.009288	  ,               0.028752	
                0.011556	  ,               0.023778	
                0.010457	  ,               0.001526	
                0.009544	  ,               0.013056	
                0.004412	  ,               0.009202	
                0.009764	  ,               0.018862	
                0.004974	  ,               0.021720	
                0.006791	  ,               0.029898	
                0.004046	  ,               0.022714	
               -0.003599	  ,               0.002492	
               -0.015985	  ,              -0.000190	
               -0.017550	  ,               0.002136	
               -0.012850	  ,              -0.018280	
               -0.003091	  ,              -0.026578	
                0.000736	  ,              -0.009567	
                0.004054	  ,              -0.016429	
               -0.001096	  ,              -0.006550	
               -0.005565	  ,              -0.008783	
               -0.004626	  ,              -0.000776	
                0.006963	  ,               0.003352	
                0.008727	  ,               0.007008	
                0.010309	  ,               0.002924	
                0.009020	  ,               0.001574	
                0.005344	  ,               0.002358	
                0.006402	  ,               0.004968	
                0.001188	  ,               0.002436	
               -0.001504	  ,               0.000302	
               -0.004024	  ,              -0.004495	
               -0.012467	  ,              -0.008576	
               -0.013468	  ,              -0.005572	
               -0.012433	  ,               0.002306	
               -0.013250	  ,               0.010196	
               -0.010698	  ,               0.009289	
               -0.006961	  ,               0.002909	
               -0.007636	  ,               0.000480	
               -0.004603	  ,               0.000039	
               -0.001735	  ,              -0.004498	
                0.001807	  ,              -0.004551	
                0.002118	  ,              -0.011718	
                0.005972	  ,              -0.016532	
                0.003394	  ,              -0.003852	
               -0.003587	  ,               0.015307	
               -0.015146	  ,               0.013475	
               -0.022826	  ,               0.034228	
               -0.018840	  ,               0.037357	
               -0.012677	  ,               0.035426	
               -0.004999	  ,               0.029330	
                0.000129	  ,               0.015593	
               -0.000838	  ,              -0.000679	
               -0.012131	  ,              -0.002364	
               -0.007705	  ,              -0.011902	
               -0.009200	  ,              -0.009375	
               -0.005615	  ,               0.009889	
                0.002048	  ,               0.003231	
                0.002954	  ,               0.001666	
                0.003681	  ,               0.012439	
                0.006128	  ,               0.018642	
                0.006725	  ,               0.027686	
                0.007338	  ,               0.045182	
                0.010307	  ,               0.066068	
                0.004966	  ,               0.085754	
                0.011285	  ,               0.098617	
                0.017100	  ,               0.101269	
                0.008563	  ,               0.071090	
                0.007479	  ,               0.049597	
                0.002195	  ,               0.078030	
                0.001325	  ,               0.082061	
               -0.002926	  ,               0.039559	
                0.000602	  ,               0.001107	
               -0.000099	  ,              -0.039424	
               -0.005026	  ,              -0.076280	
                0.003241	  ,              -0.129244	
                0.004237	  ,              -0.178701	
                0.011500	  ,              -0.210779	
                0.016049	  ,              -0.181316	
                0.010117	  ,              -0.143946	
                0.007908	  ,              -0.100190	
                0.005873	  ,              -0.047156	
                0.001651	  ,              -0.011574	
               -0.004781	  ,              -0.017975	
               -0.003935	  ,              -0.012214	
               -0.006133	  ,               0.024988	
               -0.001234	  ,               0.039330	
                0.008235	  ,               0.017277	
               -0.001419	  ,              -0.010746	
               -0.002602	  ,              -0.036271	
                0.005184	  ,              -0.013454	
                0.006211	  ,               0.007134	
                0.005399	  ,              -0.028816	
                0.004603	  ,              -0.053283	
                0.003995	  ,              -0.031607	
                0.006105	  ,               0.028116	
                0.005690	  ,               0.036387	
                0.012223	  ,               0.012640	
                0.009776	  ,              -0.037525	
                0.010534	  ,              -0.005676	
                0.009974	  ,               0.046776	
                0.009570	  ,               0.053361	
                0.011368	  ,               0.007670	
                0.007936	  ,              -0.010251	
                0.001119	  ,              -0.005538	
               -0.014511	  ,               0.008294	
               -0.020998	  ,               0.003334	
               -0.014771	  ,               0.006670	
               -0.027653	  ,               0.009653	
               -0.032600	  ,               0.025484	
               -0.033998	  ,               0.022040	
               -0.021367	  ,               0.002348	
               -0.006038	  ,              -0.005503	
                0.000152	  ,               0.023209	
                0.002107	  ,               0.050580	
               -0.006272	  ,               0.031947	
               -0.001633	  ,              -0.018162	
               -0.014086	  ,              -0.025829	
               -0.015716	  ,              -0.007135	
               -0.014128	  ,              -0.001992	
               -0.007128	  ,              -0.007826	
               -0.000809	  ,               0.015785	
                0.007029	  ,               0.028378	
                0.010147	  ,               0.031648	
                0.009375	  ,               0.034566	
                0.005215	  ,               0.037172	
                0.009000	  ,               0.033705	
                0.007038	  ,               0.035858	
                0.005409	  ,               0.032986	
                0.004961	  ,               0.021413	
               -0.000753	  ,               0.010930	
                0.007739	  ,               0.005104	
                0.008789	  ,              -0.003510	
                0.014055	  ,              -0.005162	
                0.020504	  ,              -0.009374	
                0.021359	  ,              -0.015752	
                0.028298	  ,              -0.008017	
                0.017981	  ,              -0.004960	
                0.016635	  ,              -0.000335	
                0.012907	  ,              -0.004449	
                0.000374	  ,               0.000929	
               -0.008083	  ,              -0.008190	
               -0.015699	  ,              -0.001696	
               -0.019772	  ,              -0.000483	
               -0.026050	  ,               0.006965	
               -0.031662	  ,               0.013589	
               -0.015963	  ,               0.019765	
               -0.000439	  ,               0.014796	
               -0.014681	  ,               0.013030	
                0.002019	  ,               0.003795	
                0.004172	  ,              -0.016732	
               -0.006022	  ,              -0.049397	
               -0.007934	  ,              -0.027087	
                0.007243	  ,              -0.022927	
                0.001093	  ,              -0.011836	
               -0.011999	  ,              -0.008348	
               -0.010397	  ,              -0.005177	
                0.000182	  ,              -0.002183	
                0.001466	  ,              -0.004259	
                0.007633	  ,               0.002627	
                0.008554	  ,               0.004941	
                0.007446	  ,              -0.004085	
                0.008214	  ,              -0.005518	
                0.008985	  ,              -0.006789	
                0.012628	  ,               0.000413	
                0.011869	  ,               0.004411	
                0.003485	  ,               0.001426	
               -0.004396	  ,               0.002617	
               -0.007567	  ,               0.009205	
               -0.006834	  ,               0.005153	
               -0.007769	  ,               0.001619	
               -0.016299	  ,               0.006703	
               -0.015332	  ,               0.013846	
               -0.014358	  ,               0.005105	
               -0.004904	  ,               0.002613	
               -0.008623	  ,              -0.001413	
               -0.003047	  ,               0.002515	
               -0.002035	  ,               0.010478	
                0.004375	  ,               0.024329	
                0.001826	  ,               0.022603	
               -0.003428	  ,               0.017624	
                0.001460	  ,               0.031578	
               -0.002781	  ,               0.048402	
                0.004817	  ,               0.032892	
                0.005831	  ,               0.010446	
                0.006669	  ,              -0.016581	
                0.005811	  ,              -0.049359	
                0.005118	  ,              -0.080106	
                0.007114	  ,              -0.076180	
               -0.001210	  ,              -0.065316	
               -0.000238	  ,              -0.062065	
                0.002757	  ,              -0.034969	
                0.003553	  ,              -0.009574	
                0.006053	  ,               0.006852	
                0.006697	  ,               0.009740	
                0.005988	  ,               0.001625	
                0.001723	  ,              -0.000743	
                0.005769	  ,              -0.002953	
                0.002206	  ,              -0.000961	
               -0.002881	  ,               0.004576	
               -0.000832	  ,               0.006189	
               -0.003873	  ,               0.010662	
                0.000182	  ,               0.006500	
               -0.000310	  ,               0.007600	
                0.005807	  ,               0.004323	
               -0.001949	  ,               0.007316	
               -0.000920	  ,               0.006422	
                0.009422	  ,               0.008915	
                0.010797	  ,               0.017332	
                0.012022	  ,               0.011704	
                0.011046	  ,               0.008614	
                0.016317	  ,               0.007732	
                0.017191	  ,               0.010214	
                0.014674	  ,               0.009482	
                0.014015	  ,               0.017212	
                0.014714	  ,               0.016152	
                0.020475	  ,               0.020682	
                0.008974	  ,               0.016420	
               -0.006268	  ,               0.006398	
               -0.012380	  ,               0.005018	
               -0.021697	  ,              -0.006357	
               -0.020023	  ,              -0.017061	
               -0.030701	  ,              -0.015755	
               -0.040357	  ,              -0.014608	
               -0.031570	  ,              -0.022436	
               -0.025982	  ,              -0.015210	
               -0.014480	  ,              -0.001216	
               -0.016001	  ,              -0.003285	
               -0.014635	  ,               0.005979	
               -0.008359	  ,               0.000877	
               -0.005131	  ,              -0.003725	
               -0.002077	  ,               0.003161	
               -0.006641	  ,              -0.000595	
                0.001137	  ,               0.002589	
                0.002170	  ,              -0.002712	
                0.006759	  ,              -0.000097	
                0.009326	  ,               0.002333	
                0.007156	  ,              -0.000001	
                0.009203	  ,              -0.005071	
                0.007515	  ,              -0.001027	
                0.004639	  ,              -0.002897	
               -0.002121	  ,               0.000474	
               -0.001271	  ,              -0.000006	
                0.002946	  ,               0.003795	
                0.008177	  ,               0.004276	
                0.008839	  ,               0.006555	
                0.015761	  ,               0.013120	
                0.009329	  ,               0.008680	
               -0.000129	  ,               0.018223	
                0.011212	  ,               0.012013	
                0.009695	  ,              -0.000476	
               -0.002808	  ,               0.004617	
               -0.001113	  ,              -0.006032	
               -0.002625	  ,              -0.004689	
               -0.001254	  ,              -0.005911	
               -0.002413	  ,              -0.007022	
                0.005381	  ,              -0.008190	
               -0.006114	  ,              -0.007463	
               -0.001533	  ,              -0.004980	
                0.005415	  ,              -0.010179	
                0.001699	  ,              -0.003603	
                0.004904	  ,              -0.004231	
                0.003860	  ,              -0.006263	
                0.001086	  ,              -0.005480	
                0.005226	  ,              -0.008467	
                0.002908	  ,              -0.012473	
                0.009202	  ,              -0.004614	
                0.009929	  ,              -0.010088	
                0.002862	  ,              -0.002661	
                0.005443	  ,               0.000200	
                0.002805	  ,               0.002875	
                0.000527	  ,              -0.000735	
               -0.000179	  ,               0.000017	
               -0.004402	  ,               0.000580	
               -0.001840	  ,              -0.000582	
               -0.000106	  ,              -0.002295	
               -0.007818	  ,               0.004399	
               -0.006718	  ,               0.001598	
               -0.007664	  ,               0.002329	
               -0.006749	  ,               0.007465	
               -0.000742	  ,               0.002422	
               -0.000002	  ,               0.003963	
               -0.010589	  ,               0.006713	
               -0.012057	  ,               0.013424	
               -0.016075	  ,               0.010730	
               -0.014872	  ,               0.016685	
               -0.007111	  ,               0.028275	
                0.002278	  ,               0.053735	
               -0.001566	  ,               0.057257	
               -0.004960	  ,               0.060334	
               -0.002191	  ,               0.045204	
                0.007791	  ,               0.020232	
                0.006035	  ,              -0.016322	
                0.004413	  ,              -0.079535	
                0.000771	  ,              -0.105544	
               -0.009129	  ,              -0.082373	
               -0.018294	  ,              -0.032809	
               -0.013027	  ,              -0.013617	
               -0.012256	  ,               0.003878	
               -0.015124	  ,               0.009450	
               -0.005663	  ,               0.014621	
               -0.006733	  ,               0.019564	
               -0.009729	  ,               0.031946	
               -0.008394	  ,               0.057834	
               -0.003488	  ,               0.081293	
                0.001078	  ,               0.042626	
                0.003599	  ,              -0.004995	
                0.003251	  ,              -0.062923	
                0.006631	  ,              -0.117144	
                0.012176	  ,              -0.138034	
                0.023111	  ,              -0.079273	
                0.040285	  ,              -0.024233	
                0.042707	  ,               0.011681	
                0.048975	  ,               0.018501	
                0.047211	  ,               0.001458	
                0.028630	  ,              -0.014078	
                0.021335	  ,              -0.037945	
                0.005733	  ,              -0.033260	
               -0.012740	  ,              -0.013068	
               -0.025134	  ,               0.005169	
               -0.045480	  ,               0.028195	
               -0.059181	  ,               0.043026	
               -0.056707	  ,               0.061969	
               -0.045377	  ,               0.078958	
               -0.043062	  ,               0.103334	
               -0.033414	  ,               0.106229	
               -0.014378	  ,               0.097130	
               -0.006618	  ,               0.077748	
               -0.008325	  ,               0.075249	
                0.010608	  ,               0.064179	
                0.008750	  ,               0.037793	
                0.015891	  ,              -0.016710	
                0.026552	  ,              -0.055635	
                0.036317	  ,              -0.062571	
                0.055371	  ,              -0.081627	
                0.083031	  ,              -0.063880	
                0.086989	  ,               0.016499	
                0.103771	  ,               0.074297	
                0.137103	  ,               0.126625	
                0.141794	  ,               0.117325	
                0.145928	  ,               0.039794	
                0.135324	  ,              -0.012243	
                0.099150	  ,              -0.002755	
                0.075124	  ,               0.023086	
                0.017929	  ,               0.015199	
               -0.020994	  ,              -0.034645	
               -0.070604	  ,              -0.131850	
               -0.115662	  ,              -0.257107	
               -0.180186	  ,              -0.273940	
               -0.223258	  ,              -0.289255	
               -0.246547	  ,              -0.219863	
               -0.253606	  ,              -0.156926	
               -0.208402	  ,              -0.076603	
               -0.155460	  ,              -0.024727	
               -0.105769	  ,              -0.015493	
               -0.073520	  ,              -0.007140	
               -0.056177	  ,               0.015822	
               -0.008241	  ,               0.022470	
                0.023941	  ,               0.041201	
                0.041224	  ,               0.046360	
                0.067648	  ,               0.050995	
                0.091695	  ,               0.045697	
                0.131291	  ,               0.049595	
                0.157642	  ,               0.053057	
                0.162147	  ,               0.070780	
                0.148691	  ,               0.086887	
                0.120504	  ,               0.101518	
                0.102096	  ,               0.142466	
                0.085338	  ,               0.183340	
                0.039957	  ,               0.188630	
               -0.031658	  ,               0.212887	
               -0.060488	  ,               0.217319	
               -0.121328	  ,               0.197305	
               -0.129568	  ,               0.142541	
               -0.151364	  ,               0.087694	
               -0.156112	  ,               0.035859	
               -0.124319	  ,              -0.071180	
               -0.095550	  ,              -0.209240	
               -0.080161	  ,              -0.228089	
               -0.075939	  ,              -0.178117	
               -0.036672	  ,              -0.163364	
                0.000074	  ,              -0.150019	
                0.014016	  ,              -0.163089	
                0.026802	  ,              -0.198104	
                0.038264	  ,              -0.188142	
                0.056016	  ,              -0.102979	
                0.065509	  ,              -0.045661	
                0.080063	  ,              -0.014598	
                0.087845	  ,               0.013884	
                0.080237	  ,               0.022730	
                0.077684	  ,               0.030775	
                0.071201	  ,               0.038030	
                0.054006	  ,               0.044522	
                0.028815	  ,               0.038826	
                0.025117	  ,               0.054824	
                0.015801	  ,               0.059686	
                0.012579	  ,               0.064211	
                0.019352	  ,               0.060391	
                0.007713	  ,               0.071220	
                0.005251	  ,               0.068061	
               -0.004387	  ,               0.071043	
                0.007260	  ,               0.068553	
                0.014788	  ,               0.061582	
                0.010767	  ,               0.064181	
                0.007203	  ,               0.078841	
                0.006434	  ,               0.073727	
                0.001482	  ,               0.086016	
               -0.006655	  ,               0.072610	
               -0.023368	  ,               0.071203	
               -0.025355	  ,               0.069927	
               -0.022784	  ,               0.047270	
               -0.008195	  ,               0.004605	
               -0.009679	  ,              -0.036080	
               -0.011010	  ,              -0.094563	
               -0.027588	  ,              -0.117726	
               -0.020704	  ,              -0.167326	
               -0.010317	  ,              -0.186528	
               -0.004558	  ,              -0.203884	
               -0.006102	  ,              -0.166612	
               -0.007491	  ,              -0.103453	
                0.013422	  ,              -0.025770	
                0.022283	  ,               0.026384	
                0.041478	  ,               0.073806	
                0.058817	  ,               0.082443	
                0.052347	  ,               0.090150	
                0.038297	  ,               0.097114	
                0.040371	  ,               0.090507	
                0.028823	  ,               0.084535	
                0.012259	  ,               0.079013	
               -0.007661	  ,               0.083506	
               -0.026389	  ,               0.061340	
               -0.038308	  ,               0.017231	
               -0.049019	  ,              -0.059321	
               -0.054677	  ,              -0.090515	
               -0.056131	  ,              -0.081103	
               -0.043889	  ,              -0.089737	
               -0.032849	  ,              -0.112965	
               -0.022858	  ,              -0.162522	
               -0.016276	  ,              -0.168749	
                0.001097	  ,              -0.103926	
                0.018586	  ,              -0.043358	
                0.020978	  ,              -0.004138	
                0.002696	  ,               0.003066	
                0.005183	  ,              -0.003312	
                0.003079	  ,              -0.009090	
               -0.002931	  ,               0.006719	
               -0.004746	  ,               0.030735	
               -0.016554	  ,               0.043684	
               -0.039540	  ,               0.055226	
               -0.069325	  ,               0.065744	
               -0.065451	  ,               0.068638	
               -0.047383	  ,               0.059570	
               -0.037584	  ,               0.051346	
               -0.022714	  ,               0.034084	
               -0.003632	  ,               0.040639	
                0.008675	  ,               0.026357	
                0.015215	  ,               0.020649	
                0.029363	  ,               0.035707	
                0.038598	  ,               0.053910	
                0.036822	  ,               0.056047	
                0.035215	  ,               0.053624	
                0.044778	  ,               0.047307	
                0.043533	  ,               0.041464	
                0.046680	  ,               0.049686	
                0.039338	  ,               0.054024	
                0.036549	  ,               0.033021	
                0.025307	  ,               0.024046	
                0.011368	  ,              -0.000777	
               -0.001711	  ,              -0.023866	
               -0.006851	  ,              -0.056839	
               -0.014544	  ,              -0.087546	
               -0.024258	  ,              -0.091281	
               -0.023151	  ,              -0.080262	
               -0.022210	  ,              -0.070238	
               -0.023306	  ,              -0.067167	
               -0.026111	  ,              -0.075097	
               -0.024374	  ,              -0.068328	
               -0.015030	  ,              -0.040945	
               -0.006371	  ,              -0.008009	
               -0.005496	  ,               0.005291	
               -0.002593	  ,               0.017213	
                0.009445	  ,               0.020801	
                0.017778	  ,               0.023978	
                0.010036	  ,               0.021012	
                0.011271	  ,               0.007215	
                0.014884	  ,               0.004792	
                0.013781	  ,               0.002550	
                0.012702	  ,               0.008602	
                0.015358	  ,               0.014142	
                0.014476	  ,               0.022622	
                0.009212	  ,               0.033396	
                0.002779	  ,               0.043226	
               -0.010088	  ,               0.062404	
               -0.011976	  ,               0.081767	
               -0.003545	  ,               0.099270	
               -0.005101	  ,               0.106073	
               -0.001080	  ,               0.096110	
                0.005136	  ,               0.068362	
               -0.000501	  ,               0.040592	
               -0.001577	  ,              -0.013934	
               -0.011964	  ,              -0.131256	
               -0.010664	  ,              -0.181625	
               -0.006975	  ,              -0.135804	
               -0.008006	  ,              -0.094266	
               -0.002760	  ,              -0.056686	
               -0.007306	  ,              -0.022356	
               -0.008130	  ,               0.008554	
               -0.007444	  ,              -0.001153	
               -0.005410	  ,              -0.009993	
               -0.004889	  ,              -0.017925	
               -0.007737	  ,              -0.010992	
               -0.004170	  ,              -0.030439	
               -0.003815	  ,              -0.036322	
               -0.002626	  ,              -0.031201	
                0.000922	  ,              -0.026564	
                0.001261	  ,              -0.022243	
               -0.005146	  ,              -0.010519	
                0.001284	  ,              -0.007100	
                0.009050	  ,               0.015764	
                0.012070	  ,               0.024452	
                0.012892	  ,               0.027048	
                0.012037	  ,               0.029296	
                0.014227	  ,               0.026996	
                0.009317	  ,               0.016784	
                0.007621	  ,               0.014934	
                0.004738	  ,               0.009921	
               -0.001029	  ,               0.011518	
               -0.009506	  ,               0.004655	
               -0.015106	  ,               0.011036	
               -0.016140	  ,               0.016842	
               -0.020741	  ,               0.032854	
               -0.009627	  ,               0.026561	
               -0.005098	  ,               0.024824	
                0.001808	  ,               0.019518	
                0.005511	  ,               0.021448	
                0.004497	  ,               0.020145	
                0.007566	  ,               0.016298	
                0.004896	  ,              -0.002433	
                0.005787	  ,              -0.004933	
                0.003652	  ,              -0.007098	
                0.005752	  ,              -0.013511	
                0.004145	  ,              -0.023486	
                0.004733	  ,              -0.028901	
                0.007345	  ,              -0.006752	
                0.007797	  ,               0.008295	
                0.009126	  ,               0.022135	
                0.011128	  ,               0.024621	
                0.006014	  ,               0.026900	
                0.003954	  ,               0.033022	
                0.007644	  ,               0.031152	
                0.012001	  ,               0.042928	
                0.011613	  ,               0.047342	
                0.009200	  ,               0.056838	
                0.006288	  ,               0.057964	
                0.007601	  ,               0.050173	
                0.013485	  ,               0.038718	
                0.014442	  ,               0.015813	
                0.003019	  ,              -0.027022	
               -0.015527	  ,              -0.021168	
               -0.013099	  ,              -0.037001	
               -0.015242	  ,              -0.061137	
               -0.013177	  ,              -0.065500	
               -0.011299	  ,              -0.069370	
               -0.023170	  ,              -0.072913	
               -0.037118	  ,              -0.049881	
               -0.027905	  ,              -0.034977	
               -0.019541	  ,              -0.032265	
               -0.015055	  ,              -0.049522	
               -0.011068	  ,              -0.042936	
               -0.017392	  ,              -0.024525	
               -0.011891	  ,              -0.012255	
               -0.004699	  ,              -0.005806	
                0.003694	  ,              -0.024411	
                0.011462	  ,              -0.031886	
                0.018765	  ,              -0.020939	
                0.025231	  ,               0.005406	
                0.029505	  ,               0.001658	
                0.032265	  ,              -0.034371	
                0.037548	  ,              -0.050917	
                0.042481	  ,              -0.048159	
                0.033035	  ,              -0.029209	
                0.023408	  ,              -0.012171	
                0.004507	  ,               0.012296	
               -0.009121	  ,               0.015287	
               -0.021382	  ,               0.017923	
               -0.027887	  ,               0.014955	
               -0.029836	  ,               0.021943	
               -0.035332	  ,               0.023889	
               -0.033571	  ,               0.033803	
               -0.038086	  ,               0.035458	
               -0.031113	  ,               0.033565	
               -0.024852	  ,               0.034886	
               -0.039744	  ,               0.025091	
               -0.041802	  ,               0.028732	
               -0.028813	  ,               0.023146	
               -0.010252	  ,               0.020155	
               -0.007928	  ,               0.019418	
               -0.005775	  ,               0.018698	
                0.004338	  ,               0.020999	
                0.006171	  ,               0.023097	
                0.007834	  ,               0.016198	
                0.006291	  ,               0.011658	
                0.010349	  ,               0.019461	
                0.011530	  ,               0.009979	
                0.021849	  ,              -0.003921	
                0.037069	  ,              -0.009529	
                0.043151	  ,              -0.001110	
                0.037558	  ,               0.009498	
                0.032468	  ,               0.008093	
                0.037009	  ,               0.016839	
                0.041034	  ,               0.008966	
                0.059940	  ,               0.007844	
                0.073603	  ,              -0.002588	
                0.066281	  ,               0.001366	
                0.050657	  ,               0.005040	
                0.024022	  ,               0.008290	
                0.013117	  ,               0.005316	
                0.003235	  ,               0.015787	
                0.006019	  ,               0.034114	
               -0.002194	  ,               0.056692	
               -0.019560	  ,               0.042050	
               -0.053327	  ,               0.039635	
               -0.077622	  ,               0.022712	
               -0.073333	  ,               0.002755	
               -0.069534	  ,              -0.021565	
               -0.066075	  ,              -0.044150	
               -0.049751	  ,              -0.064550	
               -0.034935	  ,              -0.066906	
               -0.026893	  ,              -0.029395	
               -0.014617	  ,               0.008069	
               -0.021259	  ,               0.003579	
               -0.031471	  ,              -0.009343	
               -0.029709	  ,              -0.005182	
               -0.024771	  ,               0.005897	
               -0.014247	  ,               0.015939	
               -0.013011	  ,              -0.010893	
               -0.001787	  ,              -0.028742	
                0.008797	  ,              -0.038270	
                0.015684	  ,              -0.029182	
                0.034590	  ,              -0.020734	
                0.031853	  ,              -0.042731	
                0.039095	  ,              -0.069462	
                0.036870	  ,              -0.079952	
                0.034814	  ,              -0.082884	
                0.025486	  ,              -0.085545	
                0.020389	  ,              -0.071657	
                0.006523	  ,              -0.034283	
               -0.002780	  ,               0.003051	
               -0.001099	  ,               0.027317	
               -0.005692	  ,               0.040557	
               -0.018259	  ,               0.044459	
               -0.016615	  ,               0.062551	
               -0.018175	  ,               0.065722	
               -0.011251	  ,               0.050768	
               -0.004984	  ,               0.047961	
               -0.003956	  ,               0.040555	
               -0.006974	  ,               0.024836	
               -0.006098	  ,               0.038886	
                0.005125	  ,               0.062912	
                0.009757	  ,               0.065963	
                0.011193	  ,               0.074610	
                0.017543	  ,               0.071731	
                0.018677	  ,               0.039216	
                0.021841	  ,               0.008209	
                0.028355	  ,               0.004090	
                0.025864	  ,              -0.036222	
                0.037390	  ,              -0.073636	
                0.032327	  ,              -0.059456	
                0.033848	  ,              -0.028862	
                0.024216	  ,              -0.040917	
                0.023032	  ,              -0.051924	
                0.022008	  ,              -0.055346	
                0.006259	  ,              -0.064395	
                0.004056	  ,              -0.067405	
               -0.006067	  ,              -0.030531	
               -0.019060	  ,               0.006312	
               -0.017331	  ,               0.020296	
               -0.021829	  ,               0.041904	
               -0.040866	  ,               0.040376	
               -0.033852	  ,               0.028226	
               -0.014835	  ,               0.031507	
               -0.001059	  ,               0.041073	
               -0.008255	  ,               0.037960	
               -0.019331	  ,               0.018611	
               -0.017207	  ,              -0.008860	
               -0.030120	  ,              -0.034484	
               -0.035056	  ,              -0.044590	
               -0.024223	  ,              -0.065720	
               -0.019965	  ,              -0.068777	
               -0.003333	  ,              -0.071524	
                0.003521	  ,              -0.069667	
                0.001746	  ,              -0.039374	
                0.007586	  ,               0.000076	
                0.019673	  ,               0.005027	
                0.012274	  ,               0.009461	
                0.016497	  ,               0.022380	
                0.022879	  ,               0.034019	
                0.033293	  ,               0.037498	
                0.040294	  ,               0.040792	
                0.031558	  ,               0.032196	
                0.016699	  ,               0.035220	
               -0.001724	  ,               0.037934	
               -0.014067	  ,               0.036021	
               -0.011858	  ,               0.034184	
               -0.013863	  ,               0.032462	
               -0.015707	  ,               0.027537	
               -0.037680	  ,               0.023132	
               -0.040538	  ,               0.008032	
               -0.043220	  ,              -0.006025	
               -0.040819	  ,              -0.003959	
               -0.042984	  ,               0.008104	
               -0.032819	  ,               0.003780	
               -0.016063	  ,               0.005389	
               -0.000509	  ,              -0.003158	
                0.001494	  ,              -0.020025	
                0.007018	  ,              -0.022180	
                0.015381	  ,              -0.019802	
                0.013734	  ,              -0.001189	
                0.020531	  ,              -0.018181	
                0.021557	  ,              -0.015653	
                0.018161	  ,               0.007166	
                0.010684	  ,               0.022323	
                0.011310	  ,               0.030715	
                0.023936	  ,               0.033349	
                0.033009	  ,               0.035811	
                0.027710	  ,               0.021901	
                0.032084	  ,               0.005477	
                0.035980	  ,               0.012383	
                0.042084	  ,               0.010645	
                0.029429	  ,              -0.009592	
                0.017468	  ,              -0.017559	
                0.009733	  ,              -0.010162	
                0.008272	  ,               0.001107	
               -0.000629	  ,               0.015423	
               -0.017835	  ,               0.028542	
               -0.035198	  ,               0.037097	
               -0.041913	  ,               0.051080	
               -0.052179	  ,               0.071689	
               -0.061580	  ,               0.047137	
               -0.059954	  ,               0.024291	
               -0.055421	  ,               0.003669	
               -0.048511	  ,               0.006588	
               -0.029592	  ,               0.024048	
               -0.004945	  ,               0.017666	
                0.011387	  ,              -0.008707	
                0.014179	  ,              -0.055921	
                0.022213	  ,              -0.114139	
                0.019765	  ,              -0.153095	
                0.030871	  ,              -0.188529	
                0.024746	  ,              -0.169187	
                0.026558	  ,              -0.092703	
                0.018038	  ,              -0.019808	
                0.007317	  ,               0.008571	
                0.011334	  ,              -0.000138	
                0.005054	  ,              -0.008037	
               -0.000546	  ,               0.013117	
               -0.007828	  ,               0.006483	
               -0.008690	  ,              -0.011187	
               -0.011246	  ,              -0.016732	
               -0.002794	  ,              -0.021812	
               -0.001786	  ,              -0.026557	
                0.003454	  ,              -0.030772	
                0.008032	  ,              -0.013020	
                0.020906	  ,               0.003045	
                0.030248	  ,               0.017596	
                0.038755	  ,               0.019948	
                0.028155	  ,              -0.007620	
                0.026842	  ,              -0.011486	
                0.023147	  ,               0.004610	
                0.024204	  ,               0.043360	
                0.023237	  ,               0.048265	
                0.012987	  ,               0.052680	
                0.006112	  ,               0.056781	
               -0.005161	  ,               0.052626	
               -0.028084	  ,               0.048810	
               -0.037785	  ,               0.051753	
               -0.034781	  ,               0.054367	
               -0.042743	  ,               0.067850	
               -0.035303	  ,               0.084911	
               -0.010948	  ,               0.076593	
               -0.008593	  ,               0.065201	
               -0.010468	  ,               0.034348	
               -0.001026	  ,               0.012144	
               -0.002580	  ,              -0.015966	
                0.002106	  ,              -0.041519	
                0.006260	  ,              -0.058091	
                0.005147	  ,              -0.061128	
               -0.007298	  ,              -0.058558	
               -0.012297	  ,              -0.061041	
               -0.010686	  ,              -0.063382	
               -0.006518	  ,              -0.032932	
                0.012553	  ,              -0.019939	
                0.031818	  ,              -0.008330	
                0.024712	  ,               0.002282	
                0.022696	  ,              -0.001114	
                0.016780	  ,               0.001621	
                0.003916	  ,               0.004182	
               -0.011139	  ,               0.006392	
               -0.008959	  ,               0.004100	
               -0.006962	  ,               0.010144	
               -0.011927	  ,               0.008274	
               -0.022497	  ,               0.013403	
               -0.023791	  ,               0.015022	
               -0.014960	  ,               0.022075	
               -0.011730	  ,               0.028444	
               -0.006512	  ,               0.031787	
                0.005615	  ,               0.039253	
                0.007230	  ,               0.042234	
                0.017777	  ,               0.029718	
                0.021672	  ,               0.009613	
                0.022655	  ,               0.012687	
                0.028041	  ,               0.000692	
                0.020571	  ,              -0.014550	
                0.011910	  ,              -0.012222	
                0.006149	  ,              -0.024986	
                0.017496	  ,              -0.029846	
                0.018886	  ,              -0.015815	
                0.006241	  ,              -0.013837	
               -0.002356	  ,              -0.001860	
               -0.019389	  ,              -0.000108	
               -0.017258	  ,              -0.009424	
               -0.015284	  ,              -0.028054	
               -0.020956	  ,              -0.025042	
               -0.032932	  ,              -0.017476	
               -0.043777	  ,              -0.028310	
               -0.053629	  ,              -0.054510	
               -0.050124	  ,              -0.050640	
               -0.040007	  ,              -0.033946	
               -0.036153	  ,              -0.012869	
               -0.035156	  ,               0.001074	
               -0.020421	  ,               0.003638	
               -0.014461	  ,               0.010366	
               -0.001511	  ,               0.012441	
                0.010293	  ,               0.014264	
                0.020933	  ,               0.019249	
                0.022277	  ,               0.011511	
                0.021100	  ,               0.007321	
                0.015517	  ,               0.010957	
                0.012473	  ,               0.018707	
                0.011652	  ,               0.034504	
                0.005783	  ,               0.059398	
                0.008070	  ,               0.056438	
                0.010221	  ,               0.029635	
                0.018659	  ,              -0.002896	
                0.017788	  ,              -0.006945	
                0.006418	  ,              -0.002709	
                0.008032	  ,              -0.027793	
                0.012170	  ,              -0.030741	
                0.013443	  ,               0.002465	
                0.016753	  ,               0.033450	
                0.017851	  ,               0.053576	
                0.017073	  ,               0.050143	
                0.021368	  ,               0.040411	
                0.032965	  ,               0.019658	
                0.034782	  ,              -0.010441	
                0.033411	  ,              -0.062570	
                0.043244	  ,              -0.098145	
                0.062399	  ,              -0.091797	
                0.070721	  ,              -0.074504	
                0.048580	  ,              -0.048113	
                0.033878	  ,              -0.014460	
                0.025914	  ,               0.016130	
                0.003715	  ,               0.043816	
               -0.017004	  ,               0.068891	
               -0.036049	  ,               0.084916	
               -0.048338	  ,               0.075664	
               -0.041673	  ,               0.045030	
               -0.055824	  ,              -0.015548	
               -0.079957	  ,              -0.059209	
               -0.076701	  ,              -0.051919	
               -0.049603	  ,              -0.045227	
               -0.016755	  ,              -0.039124	
                0.014055	  ,              -0.068542	
                0.017978	  ,              -0.084464	
                0.021557	  ,              -0.050591	
                0.018377	  ,              -0.028514	
                0.021285	  ,              -0.016512	
                0.018594	  ,               0.001793	
                0.011326	  ,               0.011804	
                0.000167	  ,               0.032741	
               -0.029397	  ,               0.055517	
               -0.039482	  ,               0.080249	
               -0.041250	  ,               0.083478	
               -0.032647	  ,               0.080591	
               -0.031003	  ,               0.066876	
               -0.018376	  ,               0.034553	
               -0.016578	  ,               0.003678	
               -0.024074	  ,              -0.048567	
               -0.028042	  ,              -0.112839	
               -0.034219	  ,              -0.104353	
               -0.033129	  ,              -0.081110	
               -0.030030	  ,              -0.074060	
               -0.023557	  ,              -0.093326	
               -0.010665	  ,              -0.075806	
                0.017263	  ,              -0.027695	
                0.021139	  ,              -0.008340	
                0.010250	  ,               0.020982	
                0.013389	  ,               0.026242	
                0.028197	  ,               0.040598	
                0.036226	  ,               0.053751	
                0.033763	  ,               0.065502	
                0.018079	  ,               0.061815	
                0.007803	  ,               0.071436	
               -0.001632	  ,               0.074100	
               -0.016990	  ,               0.065769	
               -0.015103	  ,               0.063255	
               -0.005967	  ,               0.069850	
                0.009074	  ,               0.059751	
                0.010922	  ,               0.035626	
                0.023754	  ,               0.032452	
                0.035364	  ,               0.029616	
                0.045775	  ,               0.054345	
                0.041475	  ,               0.090719	
                0.034986	  ,               0.105083	
                0.027002	  ,               0.118233	
                0.023787	  ,               0.098202	
                0.009576	  ,               0.072729	
                0.011458	  ,               0.036242	
                0.005731	  ,              -0.027000	
                0.007280	  ,              -0.087513	
                0.011750	  ,              -0.189408	
               -0.000815	  ,              -0.231002	
               -0.002514	  ,              -0.218407	
               -0.010128	  ,              -0.206823	
               -0.008837	  ,              -0.217034	
                0.007452	  ,              -0.188397	
                0.018477	  ,              -0.127691	
                0.016292	  ,              -0.041249	
               -0.008061	  ,              -0.006414	
               -0.018031	  ,               0.045925	
               -0.033057	  ,               0.055596	
               -0.057914	  ,               0.064402	
               -0.035053	  ,               0.056798	
               -0.026362	  ,               0.049830	
               -0.029121	  ,               0.082225	
               -0.041467	  ,               0.099674	
               -0.030211	  ,               0.094443	
               -0.028034	  ,               0.070251	
               -0.026024	  ,               0.039411	
               -0.017444	  ,               0.011358	
               -0.012790	  ,              -0.043407	
               -0.008650	  ,              -0.098151	
                0.002771	  ,              -0.076951	
                0.013508	  ,              -0.057778	
                0.028806	  ,              -0.028550	
                0.026858	  ,              -0.001964	
                0.021366	  ,               0.031870	
                0.019756	  ,               0.062616	
                0.015260	  ,               0.098580	
                0.022279	  ,               0.112916	
                0.016111	  ,               0.117283	
                0.012968	  ,               0.097315	
                0.011993	  ,               0.064485	
                0.009335	  ,              -0.001651	
                0.015301	  ,              -0.106057	
                0.020574	  ,              -0.119974	
                0.017065	  ,              -0.082287	
                0.014038	  ,              -0.024794	
                0.014565	  ,               0.006288	
                0.007806	  ,               0.034668	
               -0.004346	  ,               0.060547	
               -0.019508	  ,               0.068300	
               -0.037866	  ,               0.075336	
               -0.050166	  ,               0.068813	
               -0.034570	  ,               0.051272	
               -0.024387	  ,               0.024538	
               -0.015056	  ,               0.000111	
               -0.009967	  ,              -0.030958	
               -0.014518	  ,              -0.051233	
               -0.013152	  ,              -0.076938	
               -0.006890	  ,              -0.087094	
                0.010200	  ,              -0.078658	
                0.047401	  ,              -0.076287	
                0.073943	  ,              -0.098866	
                0.069182	  ,              -0.119864	
                0.064773	  ,              -0.100906	
                0.052955	  ,              -0.063754	
                0.034896	  ,               0.005646	
                0.011929	  ,               0.034234	
                0.009074	  ,               0.043118	
                0.000982	  ,               0.035662	
               -0.016426	  ,               0.039993	
               -0.033664	  ,               0.047304	
               -0.053913	  ,               0.053883	
               -0.083962	  ,               0.024767	
               -0.095749	  ,               0.009050	
               -0.077606	  ,               0.014044	
               -0.041194	  ,               0.045112	
               -0.007305	  ,               0.049236	
                0.005947	  ,               0.052955	
                0.009897	  ,               0.062874	
                0.020788	  ,               0.048053	
                0.030658	  ,               0.012398	
                0.033593	  ,              -0.001875	
                0.019945	  ,               0.020261	
                0.012728	  ,               0.048377	
                0.014980	  ,               0.045040	
                0.008948	  ,               0.015478	
               -0.000329	  ,              -0.004275	
                0.004734	  ,              -0.029449	
                0.009291	  ,              -0.039108	
               -0.005942	  ,              -0.053880	
               -0.007976	  ,              -0.034721	
               -0.002414	  ,              -0.037107	
               -0.007519	  ,              -0.048345	
                0.015446	  ,              -0.054583	
                0.018617	  ,              -0.045405	
                0.021443	  ,              -0.057292	
                0.007681	  ,              -0.071129	
               -0.014712	  ,              -0.043119	
               -0.023596	  ,               0.000963	
               -0.009993	  ,               0.030317	
               -0.007732	  ,               0.035623	
               -0.014441	  ,               0.059861	
               -0.012518	  ,               0.064273	
               -0.010743	  ,               0.060341	
               -0.009127	  ,               0.049425	
               -0.007685	  ,               0.026327	
                0.001861	  ,               0.017426	
                0.002967	  ,               0.003647	
                0.008504	  ,               0.010824	
                0.009526	  ,               0.008498	
                0.010409	  ,               0.018488	
                0.004577	  ,               0.027612	
               -0.006838	  ,               0.015572	
               -0.011864	  ,               0.004730	
               -0.010333	  ,              -0.016203	
               -0.009008	  ,              -0.049215	
               -0.012780	  ,              -0.062277	
               -0.005074	  ,              -0.026043	
               -0.008202	  ,               0.007972	
               -0.005577	  ,               0.021271	
               -0.001439	  ,               0.001378	
                0.006923	  ,              -0.016690	
                0.012409	  ,              -0.066249	
                0.021802	  ,              -0.087595	
                0.012934	  ,              -0.068388	
                0.013919	  ,              -0.039215	
                0.014954	  ,              -0.012747	
                0.010442	  ,              -0.008106	
                0.013047	  ,              -0.003836	
                0.012433	  ,              -0.015828	
                0.013177	  ,              -0.012476	
                0.009011	  ,              -0.022527	
                0.000272	  ,              -0.007912	
               -0.013562	  ,               0.010942	
               -0.000506	  ,               0.017964	
                0.014744	  ,               0.024282	
                0.008667	  ,               0.038173	
               -0.004345	  ,               0.035961	
               -0.012786	  ,               0.044050	
               -0.005149	  ,               0.042154	
               -0.003777	  ,               0.029255	
                0.002493	  ,               0.023835	
                0.001506	  ,               0.018941	
               -0.001512	  ,               0.003410	
               -0.000629	  ,              -0.007018	
               -0.001433	  ,              -0.027716	
                0.007062	  ,              -0.014204	
                0.006057	  ,              -0.002008	
                0.002999	  ,               0.004517	
                0.000273	  ,               0.002490	
               -0.002271	  ,               0.004393	
               -0.000083	  ,               0.016300	
                0.003460	  ,               0.020956	
                0.012919	  ,               0.002960	
                0.022552	  ,              -0.004200	
                0.006133	  ,              -0.024389	
               -0.014178	  ,              -0.010585	
               -0.038874	  ,               0.016760	
               -0.042099	  ,               0.049692	
               -0.050910	  ,               0.063020	
               -0.037230	  ,               0.059270	
               -0.020008	  ,               0.041331	
               -0.004477	  ,               0.018510	
                0.005628	  ,              -0.020374	
                0.003719	  ,              -0.078875	
                0.005374	  ,              -0.102010	
                0.009906	  ,              -0.080491	
                0.005820	  ,              -0.035092	
                0.006981	  ,              -0.017387	
                0.007973	  ,              -0.001154	
                0.006594	  ,               0.005781	
               -0.004928	  ,               0.001374	
                0.002671	  ,               0.014887	
                0.004005	  ,               0.019070	
                0.002802	  ,               0.022919	
                0.003781	  ,               0.013439	
                0.002731	  ,               0.022606	
                0.005402	  ,               0.025715	
                0.004507	  ,               0.033394	
                0.006660	  ,               0.027193	
                0.004574	  ,               0.033662	
                0.004002	  ,               0.032175	
                0.001063	  ,               0.030842	
                0.003519	  ,               0.032728	
                0.004612	  ,               0.031732	
               -0.001891	  ,               0.035796	
               -0.001110	  ,               0.032899	
               -0.003723	  ,               0.032195	
               -0.007515	  ,               0.033337	
               -0.001139	  ,               0.025828	
               -0.007108	  ,               0.016599	
               -0.006474	  ,               0.005464	
               -0.000077	  ,              -0.005040	
               -0.004330	  ,              -0.017431	
               -0.002146	  ,              -0.032553	
                0.004294	  ,              -0.042622	
                0.006858	  ,              -0.055578	
                0.007573	  ,              -0.060583	
                0.008281	  ,              -0.055946	
                0.011346	  ,              -0.057246	
                0.006099	  ,              -0.050951	
                0.009657	  ,              -0.051945	
                0.006625	  ,              -0.052941	
                0.006149	  ,              -0.046509	
                0.006687	  ,              -0.040596	
                0.000650	  ,              -0.035360	
                0.006596	  ,              -0.028978	
                0.007283	  ,              -0.021251	
                0.007974	  ,              -0.011834	
                0.008508	  ,              -0.008165	
                0.000933	  ,              -0.007222	
               -0.000001	  ,              -0.008344	
               -0.000751	  ,              -0.005785	
               -0.006561	  ,              -0.008498	
               -0.005760	  ,              -0.003462	
               -0.012064	  ,              -0.005745	
               -0.007712	  ,               0.003479	
               -0.008255	  ,               0.001902	
               -0.004590	  ,               0.010509	
               -0.006179	  ,               0.009313	
               -0.005571	  ,               0.014380	
               -0.000733	  ,               0.015052	
               -0.000124	  ,               0.017401	
                0.001677	  ,               0.020927	
               -0.001767	  ,               0.021386	
               -0.002852	  ,               0.018099	
                0.001140	  ,               0.017320	
               -0.001316	  ,               0.021794	
                0.002976	  ,               0.022059	
                0.005902	  ,               0.022334	
                0.001224	  ,               0.021573	
                0.008211	  ,               0.020145	
                0.007412	  ,               0.023790	
                0.004899	  ,               0.023033	
                0.007125	  ,               0.025827	
                0.007812	  ,               0.019184	
               -0.001654	  ,               0.008667	
               -0.014144	  ,               0.009799	
               -0.005634	  ,               0.008380	
               -0.004048	  ,               0.011354	
               -0.005328	  ,               0.020573	
               -0.006439	  ,               0.016617	
               -0.009569	  ,               0.008624	
               -0.020987	  ,               0.005387	
               -0.022446	  ,              -0.006991	
               -0.018329	  ,              -0.005510	
               -0.009487	  ,              -0.007258	
                0.000887	  ,              -0.003435	
                0.016166	  ,              -0.004831	
                0.010128	  ,              -0.006039	
                0.008308	  ,              -0.009253	
               -0.000114	  ,              -0.010215	
                0.007524	  ,              -0.023123	
               -0.002095	  ,              -0.032458	
                0.006716	  ,              -0.020632	
                0.007739	  ,              -0.009970	
               -0.001737	  ,              -0.002997	
               -0.000554	  ,              -0.001741	
               -0.001583	  ,              -0.000613	
               -0.011074	  ,               0.000516	
               -0.002301	  ,              -0.000232	
                0.000866	  ,              -0.006055	
               -0.002256	  ,              -0.011191	
               -0.003181	  ,              -0.009019	
               -0.000735	  ,              -0.010546	
               -0.006074	  ,              -0.001565	
                0.004474	  ,               0.007403	
                0.008945	  ,               0.008623	
                0.007489	  ,               0.009852	
                0.003673	  ,               0.003629	
               -0.004180	  ,               0.004669	
               -0.004237	  ,               0.009425	
               -0.003266	  ,               0.016504	
                0.001279	  ,               0.023035	
               -0.001312	  ,               0.025640	
                0.008608	  ,               0.014166	
                0.018204	  ,              -0.004431	
                0.019362	  ,              -0.011708	
                0.009017	  ,              -0.005123	
                0.007657	  ,              -0.011217	
                0.006466	  ,              -0.013063	
                0.014234	  ,              -0.011291	
                0.008972	  ,              -0.009630	
                0.015394	  ,              -0.030286	
                0.007598	  ,              -0.033040	
               -0.008160	  ,              -0.013831	
               -0.023744	  ,              -0.001458	
               -0.029850	  ,               0.005118	
               -0.028004	  ,               0.011265	
               -0.026326	  ,              -0.001640	
               -0.027863	  ,              -0.013331	
               -0.020935	  ,              -0.017671	
               -0.007053	  ,              -0.004874	
               -0.001436	  ,               0.010621	
                0.007043	  ,               0.029278	
               -0.000554	  ,               0.041800	
               -0.001887	  ,               0.035357	
               -0.003055	  ,               0.037535	
                0.002543	  ,               0.032098	
               -0.000487	  ,               0.013639	
                0.005919	  ,              -0.013442	
                0.001639	  ,              -0.009683	
                0.003772	  ,               0.000354	
                0.005725	  ,               0.003439	
                0.006159	  ,              -0.004546	
                0.005625	  ,              -0.011710	
                0.010341	  ,              -0.022779	
                0.008626	  ,              -0.008498	
                0.008095	  ,               0.008257	
                0.015888	  ,               0.010407	
                0.028472	  ,               0.004194	
                0.023498	  ,              -0.012684	
                0.022120	  ,              -0.023979	
                0.020918	  ,              -0.026143	
                0.022253	  ,              -0.013257	
                0.012085	  ,              -0.025259	
                0.013580	  ,              -0.026904	
                0.007466	  ,              -0.011743	
               -0.009474	  ,              -0.005658	
               -0.016628	  ,              -0.000048	
               -0.018715	  ,               0.025402	
               -0.028771	  ,               0.043638	
               -0.004509	  ,               0.053592	
               -0.001238	  ,               0.062548	
               -0.009973	  ,               0.054558	
               -0.018049	  ,               0.047384	
               -0.015630	  ,               0.040840	
               -0.022170	  ,               0.022415	
               -0.016030	  ,               0.000089	
               -0.010401	  ,              -0.044894	
               -0.001882	  ,              -0.077197	
               -0.009413	  ,              -0.071448	
               -0.002379	  ,              -0.044900	
                0.006512	  ,              -0.020732	
                0.003427	  ,               0.018959	
               -0.003746	  ,               0.034798	
               -0.006372	  ,              -0.018537	
                0.003166	  ,              -0.054082	
                0.006953	  ,              -0.060537	
                0.003793	  ,              -0.089857	
               -0.005641	  ,              -0.105823	
               -0.016958	  ,              -0.081706	
               -0.006295	  ,              -0.033235	
                0.003353	  ,              -0.000999	
                0.007063	  ,               0.016360	
                0.017352	  ,               0.021555	
                0.021356	  ,               0.026227	
                0.024990	  ,               0.021733	
                0.037415	  ,               0.017715	
                0.045766	  ,              -0.015261	
                0.041091	  ,              -0.019856	
                0.042340	  ,              -0.008251	
                0.025816	  ,               0.038867	
               -0.003572	  ,               0.057885	
               -0.007585	  ,               0.063352	
               -0.011242	  ,               0.068311	
               -0.008110	  ,               0.092223	
               -0.029005	  ,               0.105153	
               -0.059208	  ,               0.124867	
               -0.063205	  ,               0.099254	
               -0.074145	  ,               0.069254	
               -0.064441	  ,               0.049102	
               -0.049705	  ,               0.038136	
               -0.036179	  ,               0.034793	
               -0.024024	  ,               0.001686	
               -0.013062	  ,              -0.038195	
               -0.007178	  ,              -0.075548	
                0.009337	  ,              -0.090073	
                0.011282	  ,              -0.112192	
                0.017088	  ,              -0.132242	
                0.029811	  ,              -0.114203	
                0.034584	  ,              -0.104413	
                0.027532	  ,              -0.068904	
                0.031899	  ,              -0.041855	
                0.024768	  ,              -0.016502	
                0.018307	  ,              -0.000130	
                0.014904	  ,               0.002714	
                0.005291	  ,              -0.000039	
               -0.008697	  ,               0.002246	
               -0.021825	  ,               0.008743	
               -0.027012	  ,               0.014698	
               -0.025614	  ,               0.020150	
               -0.040960	  ,               0.031915	
               -0.022625	  ,               0.027318	
               -0.015431	  ,               0.025985	
               -0.008906	  ,               0.009636	
               -0.006948	  ,               0.011916	
                0.006011	  ,               0.026168	
                0.017802	  ,               0.016891	
                0.028443	  ,               0.011853	
                0.035393	  ,               0.010362	
                0.034237	  ,               0.011760	
                0.037459	  ,               0.008131	
                0.040505	  ,               0.000499	
                0.037812	  ,               0.007951	
                0.043742	  ,               0.012709	
                0.032254	  ,               0.022374	
                0.030593	  ,               0.026282	
                0.016757	  ,               0.029670	
                0.007495	  ,               0.032870	
                0.002461	  ,               0.035689	
                0.000967	  ,               0.045277	
               -0.005947	  ,               0.046587	
               -0.022341	  ,               0.031854	
               -0.037923	  ,               0.017780	
               -0.031844	  ,               0.001119	
               -0.029962	  ,              -0.001041	
               -0.021463	  ,               0.000999	
               -0.013828	  ,              -0.008372	
               -0.015182	  ,              -0.033871	
                0.003749	  ,              -0.066893	
                0.011847	  ,              -0.062772	
                0.014192	  ,              -0.051257	
                0.011974	  ,              -0.026228	
                0.001818	  ,              -0.016744	
                0.014851	  ,              -0.002132	
                0.019948	  ,               0.000346	
                0.024564	  ,              -0.017117	
                0.028700	  ,              -0.023808	
                0.025062	  ,              -0.029910	
                0.008046	  ,              -0.020559	
               -0.029053	  ,              -0.015363	
               -0.023631	  ,              -0.010641	
               -0.018689	  ,              -0.009092	
               -0.022870	  ,              -0.017660	
               -0.042626	  ,              -0.009620	
               -0.045998	  ,               0.006362	
               -0.036027	  ,               0.008784	
               -0.015078	  ,               0.015052	
                0.004160	  ,               0.009577	
                0.001899	  ,              -0.002232	
               -0.000202	  ,              -0.000762	
               -0.006213	  ,              -0.007805	
               -0.008016	  ,              -0.004221	
               -0.006242	  ,              -0.007584	
               -0.004632	  ,              -0.008750	
               -0.003180	  ,              -0.006154	
               -0.016925	  ,              -0.000189	
               -0.029811	  ,               0.003676	
               -0.031368	  ,               0.005851	
               -0.011269	  ,               0.006512	
                0.007995	  ,               0.007254	
                0.010510	  ,               0.008056	
                0.017259	  ,               0.006155	
                0.019436	  ,               0.002508	
                0.010262	  ,               0.002218	
                0.008683	  ,               0.002085	
                0.010274	  ,               0.006186	
                0.011666	  ,               0.012163	
                0.012870	  ,               0.007127	
                0.013908	  ,               0.006637	
                0.006669	  ,               0.008491	
                0.015167	  ,               0.017428	
                0.011985	  ,               0.033944	
               -0.003725	  ,               0.045167	
               -0.005905	  ,               0.051243	
                0.004294	  ,               0.075364	
                0.013652	  ,               0.085043	
                0.032304	  ,               0.081978	
                0.039618	  ,               0.079029	
                0.050801	  ,               0.071500	
                0.056906	  ,               0.055730	
                0.051338	  ,               0.024980	
                0.042881	  ,              -0.032414	
                0.032199	  ,              -0.071391	
                0.011370	  ,              -0.078311	
               -0.003536	  ,              -0.123227	
               -0.011715	  ,              -0.140319	
               -0.004505	  ,              -0.134717	
               -0.033863	  ,              -0.119978	
               -0.070016	  ,              -0.088848	
               -0.084523	  ,              -0.060621	
               -0.080266	  ,              -0.042229	
               -0.066673	  ,              -0.031259	
               -0.046802	  ,              -0.007954	
               -0.028756	  ,               0.013142	
               -0.018988	  ,               0.038119	
               -0.010217	  ,               0.074770	
               -0.002062	  ,               0.108847	
                0.005335	  ,               0.139871	
                0.021071	  ,               0.143970	
                0.027321	  ,               0.133304	
                0.021874	  ,               0.103623	
                0.020284	  ,               0.075705	
                0.012764	  ,               0.021010	
               -0.005253	  ,              -0.080953	
               -0.007531	  ,              -0.122715	
               -0.000861	  ,              -0.110334	
               -0.002835	  ,              -0.098893	
               -0.012103	  ,              -0.129987	
               -0.017145	  ,              -0.139294	
               -0.021662	  ,              -0.113199	
               -0.020242	  ,              -0.058390	
               -0.013923	  ,              -0.022720	
               -0.003555	  ,              -0.003316	
                0.011704	  ,               0.002522	
                0.021889	  ,              -0.002623	
                0.020052	  ,               0.011829	
                0.008220	  ,               0.025072	
               -0.002440	  ,               0.036951	
               -0.003798	  ,               0.047793	
               -0.000093	  ,               0.057602	
                0.000893	  ,               0.066357	
                0.001889	  ,               0.090973	
               -0.006603	  ,               0.100684	
               -0.001068	  ,               0.121353	
                0.014617	  ,               0.134887	
                0.021166	  ,               0.137062	
                0.031262	  ,               0.107568	
                0.036796	  ,               0.047251	
                0.031659	  ,               0.003849	
                0.030076	  ,              -0.035488	
                0.034053	  ,              -0.099886	
                0.017543	  ,              -0.126092	
                0.015211	  ,              -0.134237	
                0.033493	  ,              -0.155933	
                0.026028	  ,              -0.149839	
                0.032418	  ,              -0.120912	
                0.034225	  ,              -0.083993	
                0.017264	  ,              -0.040574	
                0.001474	  ,              -0.011501	
               -0.012972	  ,              -0.016917	
               -0.018777	  ,              -0.002687	
               -0.037563	  ,               0.001570	
               -0.044954	  ,               0.013272	
               -0.042816	  ,               0.016692	
               -0.061298	  ,               0.032953	
               -0.088590	  ,               0.029921	
               -0.092202	  ,               0.032450	
               -0.069247	  ,               0.044617	
               -0.042248	  ,               0.073653	
               -0.016942	  ,               0.109390	
               -0.007194	  ,               0.113796	
                0.001560	  ,               0.126643	
               -0.001190	  ,               0.106321	
                0.011096	  ,               0.073152	
                0.013238	  ,               0.006642	
                0.019260	  ,              -0.059973	
                0.021053	  ,              -0.137841	
                0.019310	  ,              -0.148330	
                0.014705	  ,              -0.101098	
                0.013294	  ,              -0.075319	
                0.016952	  ,              -0.052042	
                0.017921	  ,              -0.030741	
                0.004184	  ,              -0.037174	
                0.006032	  ,              -0.019764	
                0.011112	  ,              -0.003844	
                0.012638	  ,               0.000974	
                0.008558	  ,               0.005546	
                0.009731	  ,               0.009635	
                0.008726	  ,               0.027953	
                0.001499	  ,               0.044611	
                0.004263	  ,               0.047764	
                0.001801	  ,               0.056152	
               -0.000309	  ,               0.054029	
                0.004672	  ,               0.056453	
                0.008979	  ,               0.054619	
                0.008572	  ,               0.045460	
                0.011218	  ,               0.020213	
                0.006260	  ,              -0.005091	
                0.011259	  ,              -0.008296	
                0.008255	  ,              -0.005442	
                0.013510	  ,              -0.008180	
                0.014179	  ,              -0.005847	
                0.018392	  ,              -0.021429	
                0.017878	  ,              -0.019396	
                0.021428	  ,              -0.024985	
                0.018366	  ,              -0.036794	
                0.011933	  ,              -0.019798	
                0.005519	  ,               0.005037	
                0.003017	  ,               0.015027	
               -0.008427	  ,               0.024033	
               -0.023588	  ,               0.026971	
               -0.033683	  ,               0.029624	
               -0.022794	  ,               0.039912	
               -0.002247	  ,               0.042421	
                0.005981	  ,               0.052863	
                0.003741	  ,               0.043861	
                0.015051	  ,               0.056003	
                0.017250	  ,               0.060870	
                0.008162	  ,               0.040337	
               -0.013588	  ,               0.007600	
               -0.016205	  ,              -0.014148	
               -0.007819	  ,              -0.049990	
               -0.019876	  ,              -0.074028	
               -0.008408	  ,              -0.095936	
               -0.001991	  ,              -0.092052	
               -0.010994	  ,              -0.074052	
               -0.019173	  ,              -0.071021	
               -0.001999	  ,              -0.050454	
                0.004825	  ,              -0.020562	
               -0.001057	  ,              -0.000740	
                0.000986	  ,               0.024546	
               -0.003924	  ,               0.040915	
               -0.005299	  ,               0.020119	
                0.001756	  ,              -0.020957	
                0.013200	  ,              -0.061821	
               -0.000575	  ,              -0.056465	
               -0.017243	  ,              -0.051643	
               -0.032746	  ,              -0.055997	
               -0.026615	  ,              -0.059856	
               -0.028451	  ,              -0.041726	
               -0.026758	  ,              -0.011924	
               -0.012902	  ,              -0.000057	
               -0.003646	  ,               0.018046	
               -0.005424	  ,               0.041030	
               -0.003996	  ,               0.032190	
               -0.002742	  ,               0.034836	
                0.013545	  ,               0.032381	
                0.038111	  ,               0.030057	
                0.047767	  ,               0.023816	
                0.050480	  ,               0.010640	
                0.036591	  ,               0.015568	
                0.024060	  ,               0.026075	
                0.026090	  ,               0.046735	
                0.023882	  ,               0.049438	
                0.014407	  ,               0.051978	
               -0.001014	  ,               0.044543	
               -0.023723	  ,               0.042184	
               -0.038829	  ,               0.031902	
               -0.036364	  ,               0.007607	
               -0.019362	  ,              -0.022244	
               -0.021818	  ,              -0.034152	
               -0.020028	  ,              -0.030665	
               -0.022113	  ,              -0.020916	
               -0.027384	  ,              -0.023868	
               -0.032120	  ,              -0.032084	
               -0.025352	  ,              -0.034543	
               -0.021808	  ,              -0.019094	
               -0.009458	  ,              -0.000782	
               -0.001168	  ,               0.001439	
                0.000179	  ,               0.012415	
               -0.012533	  ,               0.014221	
               -0.021200	  ,               0.019588	
               -0.029006	  ,               0.034621	
               -0.011096	  ,               0.040513	
                0.001089	  ,               0.049577	
                0.007546	  ,               0.047635	
                0.017580	  ,               0.039766	
                0.015618	  ,               0.024254	
                0.020609	  ,               0.009813	
                0.022048	  ,              -0.007080	
                0.020625	  ,              -0.027485	
                0.019383	  ,              -0.041216	
                0.016120	  ,              -0.053475	
                0.017097	  ,              -0.064445	
                0.016208	  ,              -0.041747	
                0.015303	  ,              -0.014535	
                0.015904	  ,              -0.010832	
                0.015151	  ,              -0.007392	
                0.014579	  ,              -0.010024	
                0.016234	  ,              -0.017916	
                0.023988	  ,              -0.010419	
                0.034290	  ,              -0.007992	
                0.027376	  ,              -0.005719	
                0.018641	  ,              -0.007342	
                0.019736	  ,              -0.005422	
                0.014574	  ,              -0.000677	
                0.013813	  ,               0.000812	
                0.009702	  ,              -0.000248	
                0.012054	  ,               0.000854	
                0.001553	  ,               0.003957	
               -0.015219	  ,               0.004819	
               -0.012900	  ,               0.014325	
               -0.022943	  ,               0.013192	
               -0.009812	  ,               0.010043	
               -0.008002	  ,               0.007060	
               -0.009391	  ,               0.004438	
               -0.002314	  ,               0.002037	
                0.001559	  ,              -0.009297	
               -0.003860	  ,              -0.010836	
               -0.019423	  ,              -0.009200	
               -0.025855	  ,              -0.010452	
               -0.027708	  ,               0.003518	
               -0.025673	  ,               0.012929	
               -0.016703	  ,               0.008658	
               -0.008069	  ,               0.013869	
               -0.006372	  ,               0.021595	
               -0.004852	  ,               0.028634	
               -0.003509	  ,               0.035017	
               -0.000141	  ,               0.034136	
                0.013710	  ,               0.018532	
                0.011990	  ,              -0.006036	
                0.007024	  ,               0.003904	
                0.002557	  ,               0.037007	
               -0.004281	  ,               0.059095	
               -0.018035	  ,               0.079133	
               -0.019753	  ,               0.097287	
               -0.011137	  ,               0.067526	
               -0.000318	  ,               0.023504	
               -0.007105	  ,               0.005983	
               -0.005792	  ,              -0.031360	
               -0.006651	  ,              -0.094594	
               -0.005479	  ,              -0.155125	
                0.008689	  ,              -0.147466	
                0.027216	  ,              -0.097827	
                0.029657	  ,              -0.065610	
                0.023101	  ,              -0.083071	
                0.012973	  ,              -0.067126	
                0.007394	  ,              -0.033225	
                0.009076	  ,              -0.002380	
                0.010575	  ,               0.017629	
                0.000899	  ,               0.014112	
               -0.013029	  ,               0.023975	
               -0.018670	  ,               0.032794	
               -0.010294	  ,               0.046493	
               -0.005838	  ,               0.058825	
               -0.012905	  ,               0.047632	
               -0.019310	  ,               0.053676	
               -0.016244	  ,               0.051747	
               -0.009118	  ,               0.056745	
               -0.002847	  ,               0.033652	
               -0.002163	  ,               0.017131	
                0.001379	  ,               0.008217	
               -0.008104	  ,              -0.000018	
               -0.019623	  ,              -0.022474	
               -0.024364	  ,              -0.061692	
               -0.031483	  ,              -0.077744	
               -0.030481	  ,              -0.063521	
               -0.015785	  ,              -0.041686	
                0.006529	  ,              -0.037968	
                0.003455	  ,              -0.027324	
                0.011372	  ,              -0.017709	
                0.013549	  ,              -0.015035	
                0.011193	  ,              -0.012510	
                0.013085	  ,               0.004575	
                0.022297	  ,               0.015548	
                0.027308	  ,               0.013300	
                0.031821	  ,               0.014915	
                0.030402	  ,               0.016351	
                0.026614	  ,               0.014555	
                0.029781	  ,               0.010243	
                0.022501	  ,               0.013731	
                0.014060	  ,               0.023840	
                0.006298	  ,               0.025004	
               -0.009433	  ,               0.028554	
               -0.020603	  ,               0.036162	
               -0.022641	  ,               0.045482	
               -0.020766	  ,               0.054161	
               -0.012291	  ,               0.048455	
               -0.035290	  ,               0.032573	
               -0.038509	  ,               0.016869	
               -0.023642	  ,              -0.001694	
               -0.004553	  ,              -0.019060	
               -0.002217	  ,              -0.016979	
                0.008918	  ,              -0.031274	
                0.010919	  ,              -0.059219	
                0.012748	  ,              -0.063112	
                0.011000	  ,              -0.045012	
                0.009409	  ,              -0.035172	
                0.007996	  ,              -0.026321	
                0.016770	  ,              -0.028953	
                0.011208	  ,              -0.006549	
                0.010242	  ,               0.008387	
                0.014845	  ,               0.011155	
                0.017437	  ,               0.013593	
                0.015317	  ,               0.020267	
                0.007613	  ,               0.026454	
                0.000414	  ,               0.020967	
                0.003174	  ,               0.019365	
               -0.002704	  ,               0.027026	
               -0.000466	  ,               0.020100	
                0.001602	  ,               0.013795	
                0.002145	  ,               0.010502	
                0.003866	  ,               0.009398	
                0.010665	  ,               0.006606	
                0.007990	  ,               0.002310	
                0.015818	  ,              -0.002970	
                0.010625	  ,              -0.000991	
                0.013388	  ,               0.003183	
                0.007555	  ,               0.010709	
               -0.000801	  ,               0.009548	
               -0.017783	  ,               0.000939	
               -0.020026	  ,              -0.004725	
               -0.035469	  ,               0.002543	
               -0.037392	  ,               0.016702	
               -0.033367	  ,               0.029999	
               -0.016472	  ,               0.028367	
               -0.009755	  ,               0.030698	
               -0.015724	  ,               0.005827	
               -0.028639	  ,              -0.019055	
               -0.037021	  ,              -0.041608	
               -0.032395	  ,              -0.038355	
               -0.014276	  ,              -0.024301	
               -0.007006	  ,              -0.011599	
               -0.004811	  ,              -0.017856	
               -0.010909	  ,              -0.035987	
                0.002124	  ,              -0.048062	
                0.017391	  ,              -0.045593	
                0.023549	  ,              -0.043316	
                0.032939	  ,              -0.052395	
                0.034715	  ,              -0.060670	
                0.036325	  ,              -0.043584	
                0.037766	  ,              -0.014170	
                0.039063	  ,               0.013866	
                0.031408	  ,               0.032118	
                0.034581	  ,               0.035501	
                0.028284	  ,               0.038515	
                0.015541	  ,               0.046757	
               -0.008540	  ,               0.049263	
               -0.031436	  ,               0.051592	
               -0.046228	  ,               0.053745	
               -0.032446	  ,               0.040838	
               -0.034750	  ,               0.029130	
               -0.032501	  ,               0.021646	
               -0.018243	  ,               0.003656	
               -0.012639	  ,              -0.008600	
                0.005982	  ,              -0.006322	
                0.018318	  ,               0.012179	
                0.024876	  ,               0.029483	
                0.026865	  ,               0.040714	
                0.024947	  ,               0.042809	
                0.026578	  ,               0.037238	
                0.015847	  ,               0.025363	
                0.008820	  ,               0.002297	
               -0.000071	  ,              -0.027545	
               -0.003386	  ,              -0.007669	
               -0.000448	  ,               0.017611	
               -0.009011	  ,               0.053862	
               -0.005920	  ,               0.087582	
               -0.009083	  ,               0.083076	
               -0.019521	  ,               0.030861	
               -0.015589	  ,              -0.019010	
               -0.009484	  ,              -0.090387	
               -0.026727	  ,              -0.156886	
               -0.029276	  ,              -0.200222	
               -0.009135	  ,              -0.208221	
               -0.011982	  ,              -0.187136	
               -0.009736	  ,              -0.142236	
                0.005734	  ,              -0.089574	
                0.011748	  ,              -0.025789	
                0.024688	  ,              -0.000263	
                0.026309	  ,               0.007157	
                0.015596	  ,               0.013911	
                0.005918	  ,               0.032883	
               -0.007972	  ,               0.050045	
               -0.024735	  ,               0.044567	
               -0.031346	  ,               0.049059	
               -0.029328	  ,               0.044414	
               -0.031194	  ,               0.048069	
               -0.022743	  ,               0.037018	
               -0.005826	  ,               0.033591	
               -0.008041	  ,               0.036248	
               -0.014171	  ,               0.016941	
               -0.008651	  ,              -0.000472	
               -0.010424	  ,               0.010540	
                0.000131	  ,               0.024585	
               -0.001325	  ,               0.026280	
               -0.005148	  ,               0.034556	
                0.002506	  ,               0.035916	
                0.011821	  ,               0.028848	
                0.012837	  ,               0.022522	
                0.015897	  ,               0.021481	
                0.012735	  ,               0.020395	
                0.022962	  ,               0.017602	
                0.018844	  ,               0.015007	
                0.022548	  ,               0.012767	
                0.028138	  ,               0.002074	
                0.022935	  ,              -0.020940	
                0.022149	  ,              -0.024103	
                0.019663	  ,              -0.003182	
                0.021891	  ,               0.010653	
                0.025479	  ,               0.013134	
                0.019761	  ,               0.006605	
                0.019101	  ,               0.004605	
                0.012671	  ,              -0.001010	
                0.008406	  ,               0.003966	
                0.009045	  ,              -0.006839	
                0.001215	  ,              -0.013968	
               -0.006127	  ,              -0.013000	
               -0.007054	  ,              -0.005431	
                0.000649	  ,              -0.002595	
                0.001577	  ,               0.005631	
                0.009963	  ,               0.011047	
               -0.002611	  ,               0.020510	
               -0.007734	  ,               0.021737	
               -0.006208	  ,               0.029607	
               -0.020532	  ,               0.027111	
               -0.030125	  ,               0.026414	
               -0.023797	  ,               0.022245	
               -0.029281	  ,               0.011449	
               -0.026155	  ,               0.007270	
               -0.021500	  ,              -0.007534	
               -0.023955	  ,              -0.029599	
               -0.020158	  ,              -0.043953	
               -0.020763	  ,              -0.035106	
               -0.011187	  ,              -0.027031	
               -0.006996	  ,              -0.019700	
               -0.005665	  ,              -0.012983	
               -0.008691	  ,              -0.014311	
               -0.001168	  ,              -0.001970	
                0.009465	  ,              -0.000024	
                0.016720	  ,               0.001733	
                0.020731	  ,               0.013431	
                0.022009	  ,               0.024417	
                0.017047	  ,               0.017819	
                0.007024	  ,               0.021901	
                0.014246	  ,               0.005182	
                0.020776	  ,              -0.016786	
                0.017814	  ,              -0.055543	
                0.008583	  ,              -0.071163	
                0.002551	  ,              -0.037086	
               -0.005021	  ,              -0.023693	
               -0.014315	  ,              -0.035370	
               -0.020439	  ,              -0.038800	
               -0.023550	  ,              -0.028912	
               -0.024490	  ,              -0.026019	
               -0.023599	  ,              -0.034173	
               -0.010755	  ,              -0.046631	
                0.005931	  ,              -0.035634	
               -0.000760	  ,              -0.009300	
                0.001173	  ,               0.023267	
                0.006662	  ,               0.044980	
                0.015034	  ,               0.072597	
                0.031851	  ,               0.097699	
                0.029561	  ,               0.133860	
                0.035595	  ,               0.157892	
                0.041187	  ,               0.162199	
                0.046280	  ,               0.142188	
                0.038704	  ,               0.102041	
                0.034690	  ,               0.064737	
                0.025943	  ,              -0.008126	
                0.018208	  ,              -0.122971	
                0.004539	  ,              -0.138348	
               -0.023339	  ,              -0.124647	
               -0.035156	  ,              -0.137353	
               -0.024306	  ,              -0.126055	
               -0.027497	  ,              -0.095136	
               -0.030372	  ,              -0.009945	
               -0.011279	  ,               0.024316	
               -0.008932	  ,               0.013746	
               -0.006772	  ,               0.004029	
               -0.008843	  ,              -0.056624	
               -0.010735	  ,              -0.158742	
               -0.032760	  ,              -0.172909	
               -0.047686	  ,              -0.110080	
               -0.045021	  ,              -0.029778	
               -0.052335	  ,               0.022136	
               -0.072682	  ,               0.031410	
               -0.086429	  ,               0.057104	
               -0.059251	  ,               0.049166	
               -0.026486	  ,               0.056176	
               -0.004540	  ,               0.049649	
               -0.008485	  ,               0.020269	
               -0.012099	  ,               0.004259	
                0.004233	  ,              -0.000585	
                0.012931	  ,              -0.005106	
                0.020929	  ,               0.014726	
                0.028068	  ,               0.025411	
                0.034523	  ,               0.028472	
                0.036398	  ,               0.037094	
                0.045533	  ,               0.039623	
                0.057190	  ,               0.046761	
                0.064612	  ,               0.053241	
                0.060346	  ,               0.067338	
                0.061327	  ,               0.072817	
                0.078228	  ,               0.087948	
                0.080421	  ,               0.085833	
                0.073662	  ,               0.095055	
                0.051023	  ,               0.093279	
                0.030091	  ,               0.085589	
                0.010850	  ,               0.064727	
                0.003432	  ,               0.019704	
               -0.012282	  ,              -0.038684	
               -0.043051	  ,              -0.077777	
               -0.082958	  ,              -0.113332	
               -0.077867	  ,              -0.132650	
               -0.082759	  ,              -0.115267	
               -0.078501	  ,              -0.078134	
               -0.066809	  ,              -0.044442	
               -0.048864	  ,              -0.022675	
               -0.032627	  ,              -0.019074	
               -0.023987	  ,              -0.008604	
               -0.021407	  ,               0.000785	
               -0.019156	  ,               0.003297	
               -0.012696	  ,               0.000329	
               -0.002663	  ,               0.007438	
                0.010292	  ,               0.005184	
                0.015313	  ,              -0.002921	
                0.023719	  ,              -0.017043	
                0.025217	  ,              -0.007610	
                0.018249	  ,              -0.002390	
                0.017040	  ,              -0.000717	
                0.020232	  ,              -0.015839	
                0.017169	  ,              -0.030014	
                0.017975	  ,              -0.031807	
                0.018777	  ,              -0.009687	
                0.011818	  ,              -0.006626	
                0.012661	  ,              -0.020144	
                0.008441	  ,              -0.042343	
                0.003229	  ,              -0.027382	
                0.005343	  ,              -0.008265	
                0.003783	  ,              -0.001034	
                0.005635	  ,               0.005454	
                0.008320	  ,               0.011383	
                0.010649	  ,               0.016801	
                0.015538	  ,               0.014964	
                0.015192	  ,               0.013322	
                0.012482	  ,               0.014655	
                0.009087	  ,               0.020973	
                0.010418	  ,               0.024398	
                0.006658	  ,               0.023768	
                0.010316	  ,               0.019612	
                0.004334	  ,               0.017457	
               -0.006735	  ,               0.021496	
               -0.008179	  ,               0.021093	
               -0.012158	  ,               0.017105	
               -0.013259	  ,               0.016810	
               -0.012169	  ,               0.022725	
               -0.013131	  ,               0.022190	
                0.000930	  ,               0.015852	
                0.007014	  ,               0.018438	
                0.008848	  ,               0.013210	
                0.013882	  ,               0.018088	
                0.006240	  ,               0.016329	
                0.004850	  ,               0.007443	
               -0.006531	  ,               0.008539	
               -0.001970	  ,               0.009497	
               -0.006039	  ,               0.020978	
                0.000192	  ,               0.028624	
               -0.014707	  ,               0.027332	
               -0.033114	  ,               0.018580	
               -0.035419	  ,               0.001497	
               -0.024179	  ,              -0.025749	
               -0.026130	  ,              -0.058561	
               -0.031637	  ,              -0.080495	
               -0.026476	  ,              -0.068469	
               -0.012494	  ,              -0.042869	
               -0.006764	  ,              -0.039360	
                0.008632	  ,              -0.047788	
                0.010882	  ,              -0.044694	
                0.012990	  ,              -0.031974	
                0.014920	  ,              -0.016071	
                0.022759	  ,              -0.009658	
                0.024299	  ,               0.014822	
                0.020742	  ,               0.031487	
                0.013105	  ,               0.052545	
                0.005952	  ,               0.071904	
               -0.000366	  ,               0.094462	
               -0.002796	  ,               0.103443	
               -0.006431	  ,               0.100893	
               -0.007030	  ,               0.103426	
               -0.000024	  ,               0.088022	
                0.010353	  ,               0.057541	
                0.003472	  ,               0.026883	
               -0.000184	  ,              -0.000925	
               -0.003347	  ,              -0.055475	
                0.001938	  ,              -0.094501	
                0.004668	  ,              -0.172789	
                0.007200	  ,              -0.245697	
                0.018695	  ,              -0.217283	
                0.010232	  ,              -0.156919	
                0.008694	  ,              -0.086447	
                0.004614	  ,              -0.039188	
               -0.006754	  ,              -0.013450	
               -0.008346	  ,               0.009731	
               -0.012503	  ,               0.030867	
               -0.011443	  ,               0.037100	
               -0.008371	  ,               0.054316	
               -0.005463	  ,               0.059346	
               -0.001063	  ,               0.054367	
                0.006553	  ,               0.049680	
               -0.005103	  ,               0.045429	
               -0.006760	  ,               0.048506	
               -0.005523	  ,               0.044783	
               -0.009352	  ,               0.035479	
                0.007653	  ,               0.043165	
                0.034810	  ,               0.040497	
                0.038296	  ,               0.046950	
                0.021820	  ,               0.065250	
                0.012944	  ,               0.082365	
                0.010147	  ,               0.080040	
                0.007694	  ,               0.057428	
                0.009794	  ,               0.012303	
                0.003590	  ,              -0.072065	
               -0.009537	  ,              -0.083782	
               -0.028193	  ,              -0.115208	
               -0.040534	  ,              -0.144021	
               -0.065197	  ,              -0.135923	
               -0.074790	  ,              -0.094122	
               -0.064918	  ,              -0.056087	
               -0.049956	  ,              -0.035973	
               -0.019772	  ,              -0.017996	
               -0.007871	  ,              -0.001888	
                0.003006	  ,               0.002215	
                0.012828	  ,               0.015601	
                0.009944	  ,               0.019239	
                0.007246	  ,               0.030649	
                0.014526	  ,               0.026954	
                0.012325	  ,               0.024062	
                0.014351	  ,               0.027767	
                0.016199	  ,               0.031763	
                0.014509	  ,               0.025982	
                0.003886	  ,               0.029596	
                0.010905	  ,               0.024700	
                0.014729	  ,               0.031330	
                0.018081	  ,               0.023754	
                0.027737	  ,               0.029100	
                0.019139	  ,               0.020139	
                0.011554	  ,               0.019668	
                0.010731	  ,               0.028145	
                0.011760	  ,               0.031953	
                0.012775	  ,               0.035554	
                0.024430	  ,               0.032281	
                0.036404	  ,               0.023272	
                0.044128	  ,               0.017331	
                0.045581	  ,               0.012077	
                0.034337	  ,               0.007461	
                0.045087	  ,               0.013644	
                0.041114	  ,               0.028600	
                0.024793	  ,               0.060093	
                0.004584	  ,               0.109466	
               -0.009031	  ,               0.103807	
               -0.021315	  ,               0.075258	
               -0.036817	  ,               0.006567	
               -0.038798	  ,              -0.078233	
               -0.036889	  ,              -0.158186	
               -0.031760	  ,              -0.126522	
               -0.014787	  ,              -0.097618	
               -0.012549	  ,              -0.088556	
               -0.018628	  ,              -0.080372	
               -0.001888	  ,              -0.058705	
                0.018385	  ,              -0.051994	
                0.010230	  ,               0.012841	
               -0.022127	  ,               0.073347	
               -0.044190	  ,               0.143905	
               -0.040382	  ,               0.229310	
               -0.036935	  ,               0.378773	
               -0.027250	  ,               0.439557	
               -0.030260	  ,               0.457876	
               -0.022270	  ,               0.441032	
               -0.010036	  ,               0.364466	
                0.001037	  ,               0.183501	
                0.023467	  ,               0.060193	
                0.026275	  ,              -0.096820	
                0.007086	  ,              -0.280265	
                0.004642	  ,              -0.403708	
                0.006750	  ,              -0.605681	
                0.008684	  ,              -0.795694	
                0.014168	  ,              -0.919276	
                0.005601	  ,              -0.852607	
               -0.008388	  ,              -0.629333	
               -0.028985	  ,              -0.361446	
               -0.037254	  ,              -0.181741	
               -0.049771	  ,              -0.018322	
               -0.065515	  ,               0.070289	
               -0.055548	  ,               0.150738	
               -0.038998	  ,               0.125419	
               -0.023635	  ,               0.146915	
               -0.005414	  ,               0.166352	
                0.001642	  ,               0.147023	
                0.012579	  ,               0.162862	
                0.022497	  ,               0.177165	
                0.027851	  ,               0.162367	
                0.032705	  ,               0.148902	
                0.034013	  ,               0.159447	
                0.029743	  ,               0.148161	
                0.030707	  ,               0.137715	
                0.027264	  ,               0.128122	
                0.021807	  ,               0.119388	
                0.022444	  ,               0.111361	
                0.023069	  ,               0.104056	
                0.019108	  ,               0.097471	
                0.020890	  ,               0.080744	
                0.013705	  ,               0.075152	
                0.012615	  ,               0.061063	
                0.014929	  ,               0.056256	
                0.014049	  ,               0.051797	
                0.008978	  ,               0.041190	
                0.005791	  ,               0.037622	
                0.008522	  ,               0.034294	
                0.003648	  ,               0.021402	
                0.004053	  ,               0.023143	
                0.009224	  ,               0.012599	
                0.002733	  ,               0.014169	
                0.003497	  ,               0.015660	
                0.008676	  ,               0.010964	
                0.002233	  ,               0.006845	
               -0.000280	  ,              -0.001918	
                0.000450	  ,              -0.000881	
               -0.003867	  ,              -0.004122	
               -0.003062	  ,              -0.009468	
               -0.003404	  ,              -0.010520	
               -0.001536	  ,              -0.016807	
               -0.004902	  ,              -0.013506	
               -0.005896	  ,              -0.024625	
               -0.012154	  ,              -0.020548	
               -0.014687	  ,              -0.025027	
               -0.015349	  ,              -0.021681	
               -0.014474	  ,              -0.025168	
               -0.012248	  ,              -0.024246	
               -0.006317	  ,              -0.026699	
               -0.005469	  ,              -0.023477	
                0.002468	  ,              -0.027659	
               -0.000433	  ,              -0.021466	
                0.004274	  ,              -0.021713	
                0.003566	  ,              -0.011424	
                0.003061	  ,              -0.016167	
               -0.004515	  ,              -0.013729	
               -0.001230	  ,              -0.011343	
               -0.000117	  ,              -0.012731	
               -0.002384	  ,              -0.017427	
               -0.002780	  ,              -0.014066	
               -0.003185	  ,              -0.014995	
               -0.004610	  ,              -0.012300	
               -0.001476	  ,              -0.008500	
               -0.004787	  ,              -0.009160	
               -0.008806	  ,              -0.006180	
               -0.012697	  ,              -0.008346	
               -0.010012	  ,              -0.012783	
               -0.002948	  ,              -0.010178	
                0.004451	  ,              -0.016596	
                0.009126	  ,              -0.005825	
                0.010081	  ,              -0.001364	
                0.009519	  ,              -0.002201	
                0.011653	  ,              -0.002913	
                0.003465	  ,              -0.001641	
                0.009143	  ,              -0.002267	
                0.020735	  ,               0.002140	
                0.019295	  ,               0.000084	
                0.012448	  ,              -0.000482	
                0.008816	  ,               0.000115	
                0.001109	  ,               0.001855	
                0.004209	  ,              -0.000647	
               -0.006042	  ,               0.001549	
               -0.018523	  ,               0.001195	
               -0.023568	  ,               0.003015	
               -0.018982	  ,               0.003288	
               -0.023056	  ,               0.002195	
               -0.031881	  ,               0.000239	
               -0.032921	  ,              -0.001560	
               -0.021456	  ,               0.000008	
               -0.007639	  ,              -0.002492	
               -0.005840	  ,              -0.006353	
               -0.000815	  ,              -0.002276	
                0.000647	  ,              -0.002941	
               -0.000782	  ,              -0.004628	
               -0.004585	  ,              -0.007834	
                0.003108	  ,              -0.001572	
                0.010298	  ,              -0.000891	
                0.009383	  ,              -0.003602	
                0.013555	  ,              -0.001582	
                0.021977	  ,               0.000274	
                0.022957	  ,              -0.000409	
                0.021903	  ,              -0.000092	
                0.013389	  ,              -0.005007	
                0.005526	  ,              -0.000962	
               -0.004028	  ,               0.002916	
               -0.010377	  ,               0.000186	
               -0.009455	  ,               0.003024	
               -0.012579	  ,               0.005691	
               -0.006207	  ,               0.002923	
               -0.007103	  ,               0.007921	
               -0.006462	  ,               0.003953	
               -0.004447	  ,               0.004384	
                0.005033	  ,               0.004644	
                0.020301	  ,               0.001515	
                0.018334	  ,               0.002774	
                0.016533	  ,               0.000314	
                0.008125	  ,              -0.002823	
                0.009691	  ,               0.002655	
               -0.002783	  ,              -0.000164	
               -0.011190	  ,              -0.004178	
               -0.012657	  ,              -0.003782	
               -0.013952	  ,              -0.005749	
               -0.012707	  ,              -0.005526	
               -0.011626	  ,              -0.001079	
               -0.012585	  ,              -0.003075	
               -0.018951	  ,              -0.001707	
               -0.018035	  ,              -0.005578	
               -0.011034	  ,              -0.000818	
                0.001193	  ,              -0.004664	
               -0.007230	  ,               0.001991	
                0.006663	  ,              -0.000973	
                0.008541	  ,               0.004724	
                0.013615	  ,               0.005219	
                0.024251	  ,               0.000176	
                0.025580	  ,              -0.001629	
                0.016766	  ,              -0.001215	
                0.017766	  ,               0.001267	
                0.022997	  ,              -0.003005	
                0.020965	  ,              -0.002514	
                0.008807	  ,              -0.001997	
                0.010528	  ,               0.000572	
                0.015127	  ,              -0.004442	
                0.011091	  ,              -0.005022	
                0.012286	  ,              -0.004374	
                0.006692	  ,              -0.004709	
               -0.002823	  ,              -0.000961	
               -0.009137	  ,               0.001462	
               -0.016978	  ,              -0.003878	
               -0.016042	  ,              -0.001428	
               -0.007681	  ,               0.005276	
               -0.000017	  ,              -0.000366	
                0.015593	  ,               0.002095	
                0.008854	  ,               0.004368	
                0.010740	  ,               0.006265	
                0.005042	  ,               0.014078	
               -0.003494	  ,               0.013282	
               -0.017428	  ,               0.021973	
               -0.019341	  ,               0.025469	
               -0.024478	  ,               0.022787	
               -0.032159	  ,               0.018708	
               -0.039169	  ,               0.018410	
               -0.050590	  ,               0.021108	
               -0.052207	  ,               0.023605	
               -0.039781	  ,               0.019826	
               -0.024643	  ,               0.016193	
               -0.010529	  ,               0.020148	
               -0.001349	  ,               0.024780	
                0.000210	  ,               0.025691	
                0.001571	  ,               0.021325	
                0.000040	  ,               0.018653	
               -0.001299	  ,               0.020697	
               -0.002421	  ,               0.021561	
                0.000510	  ,               0.028853	
                0.001237	  ,               0.036461	
                0.001976	  ,               0.030346	
                0.002576	  ,               0.022854	
                0.008947	  ,               0.007414	
                0.013149	  ,               0.001091	
                0.015348	  ,              -0.008806	
                0.018932	  ,              -0.025340	
                0.022027	  ,              -0.040708	
                0.027330	  ,              -0.054746	
                0.025371	  ,              -0.052713	
                0.022399	  ,              -0.047498	
                0.018417	  ,              -0.054999	
                0.012738	  ,              -0.045290	
                0.007572	  ,              -0.044061	
                0.001209	  ,              -0.040828	
                0.003816	  ,              -0.037797	
                0.001674	  ,              -0.038703	
                0.006620	  ,              -0.039626	
                0.010886	  ,              -0.046668	
                0.018511	  ,              -0.045962	
                0.027990	  ,              -0.040210	
                0.031708	  ,              -0.033448	
                0.026113	  ,              -0.025138	
                0.027100	  ,              -0.014868	
                0.027916	  ,              -0.013505	
                0.032100	  ,               0.000318	
                0.020544	  ,               0.020685	
                0.018829	  ,               0.039663	
                0.004967	  ,               0.061829	
               -0.022905	  ,               0.064522	
               -0.050752	  ,               0.050599	
               -0.054200	  ,               0.038005	
               -0.050877	  ,               0.008489	
               -0.035882	  ,              -0.035758	
               -0.022094	  ,              -0.100647	
               -0.014718	  ,              -0.109550	
               -0.003430	  ,              -0.055207	
                0.002785	  ,              -0.020000	
                0.004781	  ,              -0.001049	
                0.006589	  ,               0.016028	
                0.005185	  ,               0.031562	
                0.017826	  ,               0.026445	
                0.012892	  ,               0.021655	
                0.026899	  ,               0.041224	
                0.025158	  ,               0.030002	
                0.003275	  ,               0.032822	
               -0.023704	  ,               0.023621	
               -0.012808	  ,               0.015094	
               -0.002931	  ,               0.021970	
               -0.005750	  ,               0.028169	
               -0.019391	  ,               0.029808	
               -0.026604	  ,               0.016393	
               -0.033126	  ,               0.014301	
               -0.035082	  ,               0.018469	
               -0.036890	  ,               0.027702	
               -0.041915	  ,               0.026101	
               -0.028002	  ,               0.022468	
               -0.026121	  ,               0.008344	
               -0.017630	  ,               0.013506	
               -0.009994	  ,               0.011401	
               -0.003050	  ,               0.021663	
               -0.009327	  ,               0.017245	
                0.003166	  ,               0.015742	
                0.004826	  ,               0.016468	
                0.012401	  ,               0.025679	
                0.016418	  ,               0.016664	
                0.020280	  ,               0.016807	
                0.036669	  ,               0.015616	
                0.034460	  ,               0.014448	
                0.036492	  ,               0.000272	
                0.034647	  ,              -0.030474	
                0.036351	  ,              -0.096752	
                0.031791	  ,              -0.125314	
                0.035845	  ,              -0.082347	
                0.039541	  ,              -0.043406	
                0.022406	  ,              -0.022218	
                0.005074	  ,              -0.015932	
               -0.006181	  ,              -0.010308	
               -0.024733	  ,               0.005492	
               -0.042149	  ,               0.010173	
               -0.040140	  ,               0.005799	
               -0.034255	  ,               0.002124	
               -0.017706	  ,              -0.001030	
               -0.020081	  ,              -0.003806	
               -0.026297	  ,              -0.000592	
               -0.020790	  ,               0.002378	
               -0.019130	  ,               0.005020	
               -0.002219	  ,               0.007547	
                0.004392	  ,               0.013981	
                0.014558	  ,               0.012481	
                0.012749	  ,               0.011211	
                0.021269	  ,               0.010190	
                0.028945	  ,               0.009343	
                0.027644	  ,               0.006073	
                0.031412	  ,               0.007515	
                0.030436	  ,               0.006852	
                0.020976	  ,               0.002613	
                0.017248	  ,               0.005443	
                0.006952	  ,               0.005012	
                0.000066	  ,               0.008795	
               -0.013759	  ,               0.012072	
               -0.015603	  ,               0.009390	
               -0.003748	  ,               0.012076	
               -0.005267	  ,               0.019140	
               -0.006617	  ,               0.022334	
                0.002205	  ,               0.023367	
               -0.012645	  ,               0.026129	
               -0.010548	  ,               0.027110	
               -0.008606	  ,               0.030984	
               -0.000059	  ,               0.023031	
               -0.004528	  ,               0.008470	
               -0.008476	  ,               0.010857	
               -0.009547	  ,               0.009371	
               -0.010425	  ,              -0.002116	
               -0.017561	  ,              -0.000302	
               -0.022006	  ,               0.001297	
               -0.022753	  ,               0.000326	
               -0.024864	  ,              -0.000485	
               -0.026805	  ,               0.009182	
               -0.017265	  ,               0.028318	
               -0.013150	  ,               0.042180	
               -0.009394	  ,               0.064617	
                0.003138	  ,               0.043877	
                0.014985	  ,               0.035770	
                0.028862	  ,               0.048168	
                0.023275	  ,               0.041646	
                0.031710	  ,               0.023273	
                0.048577	  ,              -0.003923	
                0.046320	  ,              -0.058556	
                0.040158	  ,              -0.175998	
                0.038206	  ,              -0.260180	
                0.029653	  ,              -0.245133	
                0.009590	  ,              -0.148103	
               -0.009623	  ,              -0.085289	
               -0.026980	  ,              -0.051095	
               -0.029298	  ,              -0.020301	
               -0.031448	  ,               0.007790	
               -0.025975	  ,               0.016096	
               -0.041269	  ,              -0.007535	
               -0.039295	  ,              -0.043235	
               -0.026325	  ,              -0.036748	
               -0.017926	  ,               0.004461	
               -0.004097	  ,               0.031356	
               -0.002278	  ,               0.065493	
                0.002762	  ,               0.070106	
                0.004239	  ,               0.074113	
               -0.002730	  ,               0.085017	
               -0.009030	  ,               0.081870	
               -0.003501	  ,               0.067077	
                0.012163	  ,               0.075258	
                0.014274	  ,               0.077630	
                0.020248	  ,               0.070994	
                0.021978	  ,               0.044365	
                0.010002	  ,               0.011431	
                0.005292	  ,              -0.019503	
               -0.001784	  ,              -0.071772	
               -0.005635	  ,              -0.079081	
               -0.002562	  ,              -0.072880	
               -0.003723	  ,              -0.055722	
               -0.008444	  ,              -0.061247	
               -0.012816	  ,              -0.066279	
               -0.019902	  ,              -0.044597	
               -0.019211	  ,              -0.000927	
               -0.006498	  ,               0.028034	
                0.006411	  ,               0.032985	
                0.008026	  ,               0.027976	
                0.006424	  ,               0.023343	
                0.008742	  ,               0.015226	
                0.007366	  ,               0.019045	
                0.008551	  ,               0.029835	
                0.011821	  ,               0.019993	
                0.004608	  ,               0.047005	
               -0.001738	  ,               0.050536	
               -0.000788	  ,               0.047323	
               -0.004404	  ,               0.050232	
               -0.000765	  ,               0.052979	
               -0.001207	  ,               0.055368	
               -0.000646	  ,               0.070938	
                0.007189	  ,               0.085133	
                0.014996	  ,               0.094391	
                0.024498	  ,               0.095961	
                0.028267	  ,               0.088198	
                0.025109	  ,               0.072875	
                0.028189	  ,               0.054445	
                0.027357	  ,               0.027275	
                0.016190	  ,               0.001979	
               -0.003760	  ,              -0.034310	
               -0.011855	  ,              -0.106993	
               -0.009464	  ,              -0.242641	
               -0.011648	  ,              -0.335175	
               -0.021778	  ,              -0.318404	
               -0.019891	  ,              -0.241836	
               -0.028327	  ,              -0.144390	
               -0.020696	  ,              -0.055898	
               -0.030346	  ,              -0.021209	
               -0.029177	  ,              -0.010721	
               -0.021408	  ,              -0.020034	
               -0.014149	  ,               0.005978	
               -0.001970	  ,               0.045154	
                0.009876	  ,               0.066529	
                0.020564	  ,               0.072971	
                0.027536	  ,               0.090372	
                0.028755	  ,               0.095556	
                0.023222	  ,               0.090719	
                0.018051	  ,               0.095007	
                0.015410	  ,               0.091012	
                0.019686	  ,               0.094419	
                0.023456	  ,               0.084486	
                0.018618	  ,               0.069515	
                0.018177	  ,               0.055759	
                0.016559	  ,               0.048434	
                0.008875	  ,               0.032810	
               -0.008124	  ,               0.014337	
               -0.030385	  ,               0.001994	
               -0.021516	  ,              -0.018297	
               -0.029565	  ,              -0.053977	
               -0.036770	  ,              -0.097633	
               -0.038904	  ,              -0.091915	
               -0.053032	  ,              -0.065399	
               -0.039934	  ,              -0.031606	
               -0.038193	  ,              -0.036031	
               -0.033610	  ,              -0.056036	
               -0.021076	  ,              -0.066885	
                0.000938	  ,              -0.050500	
                0.009771	  ,              -0.029744	
                0.017935	  ,              -0.021684	
                0.020356	  ,              -0.009416	
                0.027011	  ,              -0.002902	
                0.012847	  ,               0.011225	
               -0.003863	  ,               0.027880	
               -0.015006	  ,               0.048077	
               -0.008896	  ,               0.061663	
                0.000430	  ,               0.068798	
                0.008894	  ,               0.075230	
                0.007372	  ,               0.077075	
                0.006004	  ,               0.086175	
                0.017311	  ,               0.087647	
                0.018787	  ,               0.064413	
                0.022787	  ,               0.014586	
                0.028995	  ,              -0.035473	
                0.034541	  ,              -0.055081	
                0.039760	  ,              -0.049546	
                0.048214	  ,              -0.033732	
                0.044999	  ,              -0.038424	
                0.033509	  ,              -0.042696	
                0.022855	  ,              -0.030702	
                0.004760	  ,              -0.027010	
                0.002406	  ,              -0.023669	
               -0.008736	  ,              -0.002741	
               -0.014797	  ,               0.005490	
               -0.012908	  ,               0.007955	
               -0.024732	  ,               0.005840	
               -0.044682	  ,              -0.012492	
               -0.036560	  ,              -0.029636	
               -0.024231	  ,              -0.018336	
               -0.022060	  ,              -0.020143	
               -0.028191	  ,              -0.021761	
               -0.022669	  ,              -0.016483	
               -0.024429	  ,              -0.008701	
               -0.035166	  ,               0.006660	
               -0.022734	  ,               0.008796	
               -0.004230	  ,               0.007019	
                0.002928	  ,               0.015548	
                0.009394	  ,               0.004924	
                0.007213	  ,               0.009011	
                0.005221	  ,               0.012741	
               -0.006737	  ,               0.007139	
               -0.002277	  ,               0.001868	
                0.009994	  ,              -0.004893	
                0.028014	  ,              -0.003998	
                0.015614	  ,              -0.006448	
                0.004395	  ,              -0.010101	
               -0.005799	  ,              -0.000721	
               -0.011411	  ,               0.000578	
               -0.013111	  ,               0.008545	
               -0.014647	  ,               0.003517	
               -0.005010	  ,               0.004566	
                0.003768	  ,               0.007315	
                0.014071	  ,               0.008196	
                0.012682	  ,               0.004856	
                0.006378	  ,               0.005576	
                0.007351	  ,               0.006303	
                0.006308	  ,               0.004984	
                0.008992	  ,               0.003996	
                0.004739	  ,               0.007051	
                0.004031	  ,               0.003653	
                0.008893	  ,               0.008018	
                0.004635	  ,               0.012188	
               -0.004202	  ,               0.018011	
               -0.013060	  ,               0.020223	
               -0.018717	  ,               0.029499	
               -0.017783	  ,               0.028280	
               -0.015157	  ,               0.033851	
               -0.007452	  ,               0.030820	
               -0.002295	  ,               0.035410	
                0.000329	  ,               0.027645	
                0.001122	  ,               0.032917	
                0.003240	  ,               0.041409	
                0.006681	  ,               0.035862	
                0.013462	  ,               0.020184	
                0.012452	  ,              -0.009029	
                0.009756	  ,              -0.028940	
                0.011808	  ,              -0.061718	
                0.006744	  ,              -0.119048	
                0.007099	  ,              -0.126822	
                0.015780	  ,              -0.091277	
                0.014518	  ,              -0.071977	
                0.011244	  ,              -0.054536	
                0.008163	  ,              -0.038618	
                0.012736	  ,              -0.024210	
                0.010279	  ,              -0.019785	
                0.008233	  ,               0.000194	
                0.009073	  ,               0.003756	
                0.003465	  ,               0.013580	
               -0.006414	  ,               0.022364	
               -0.010381	  ,               0.019638	
               -0.021632	  ,               0.021976	
               -0.016986	  ,               0.024135	
               -0.018249	  ,               0.026109	
               -0.006830	  ,               0.039076	
               -0.005220	  ,               0.027169	
               -0.003780	  ,               0.004096	
               -0.004859	  ,              -0.018977	
                0.000831	  ,              -0.016168	
               -0.004282	  ,               0.002874	
                0.000466	  ,               0.005180	
               -0.003536	  ,               0.011703	
               -0.002621	  ,               0.009598	
               -0.007289	  ,               0.011383	
               -0.012808	  ,               0.006218	
               -0.013259	  ,               0.010689	
               -0.008151	  ,               0.003656	
               -0.002198	  ,               0.002370	
                0.000194	  ,               0.003279	
                0.006816	  ,               0.004188	
                0.001090	  ,               0.004940	
                0.006517	  ,               0.002297	
                0.017356	  ,               0.004396	
                0.022086	  ,               0.004972	
                0.020872	  ,               0.006573	
                0.014750	  ,               0.003611	
                0.009302	  ,               0.002002	
                0.006381	  ,              -0.000292	
               -0.007545	  ,               0.006045	
               -0.029937	  ,               0.008656	
               -0.014958	  ,               0.007714	
                0.009825	  ,               0.008289	
                0.032903	  ,               0.004633	
                0.035845	  ,               0.005053	
                0.033206	  ,               0.002083	
                0.020947	  ,               0.001463	
                0.023230	  ,               0.002517	
                0.029382	  ,              -0.001513	
                0.016390	  ,              -0.003173	
               -0.002206	  ,              -0.001129	
               -0.009484	  ,              -0.004125	
               -0.011704	  ,              -0.001648	
               -0.030186	  ,              -0.006901	
               -0.067469	  ,              -0.001624	
               -0.083455	  ,              -0.000886	
               -0.059349	  ,              -0.002488	
               -0.028666	  ,              -0.006457	
                0.007256	  ,              -0.001608	
                0.011892	  ,              -0.000992	
                0.016174	  ,               0.001995	
                0.012156	  ,              -0.001446	
                0.008510	  ,               0.000855	
                0.018220	  ,              -0.003791	
                0.020993	  ,              -0.002017	
                0.009199	  ,              -0.003977	
               -0.010041	  ,              -0.006791	
               -0.012540	  ,              -0.002027	
               -0.023835	  ,              -0.000353	
               -0.046467	  ,              -0.005632	
               -0.061493	  ,              -0.003646	
               -0.047948	  ,              -0.004185	
               -0.030841	  ,              -0.004737	
               -0.015422	  ,               0.003011	
               -0.009459	  ,               0.001988	
                0.003469	  ,               0.000990	
                0.005082	  ,               0.001838	
                0.009590	  ,               0.002678	
                0.008181	  ,               0.000453	
                0.004419	  ,              -0.005992	
                0.009994	  ,              -0.000070	
                0.010995	  ,              -0.000738	
                0.017410	  ,               0.001298	
                0.023322	  ,              -0.002947	
                0.016378	  ,              -0.005821	
                0.013650	  ,              -0.001071	
                0.019533	  ,               0.000636	
                0.023211	  ,              -0.001045	
                0.026720	  ,              -0.001554	
                0.030887	  ,              -0.001226	
                0.026743	  ,              -0.002425	
                0.025118	  ,               0.001088	
                0.019945	  ,              -0.005921	
                0.010575	  ,              -0.004989	
               -0.008395	  ,              -0.000517	
               -0.011106	  ,               0.000218	
               -0.003845	  ,               0.003821	
                0.007279	  ,              -0.001192	
                0.009265	  ,               0.000396	
                0.011106	  ,               0.000795	
                0.016183	  ,               0.005431	
                0.017693	  ,              -0.000404	
                0.019038	  ,              -0.004177	
                0.017850	  ,              -0.003471	
                0.010087	  ,              -0.006438	
                0.011119	  ,              -0.001089	
                0.004732	  ,              -0.001685	
               -0.008053	  ,               0.001392	
               -0.006063	  ,               0.001891	
               -0.007592	  ,               0.001339	
               -0.030447	  ,               0.000938	
               -0.027093	  ,               0.002902	
               -0.018167	  ,               0.003865	
               -0.004345	  ,               0.005528	
                0.003053	  ,               0.009957	
                0.005361	  ,               0.015344	
                0.003429	  ,               0.023286	
                0.001646	  ,               0.018173	
                0.006820	  ,               0.022842	
                0.011474	  ,               0.020383	
                0.004611	  ,               0.022650	
               -0.001569	  ,               0.012073	
               -0.011770	  ,              -0.010812	
               -0.029717	  ,              -0.027082	
               -0.036823	  ,              -0.018135	
               -0.038842	  ,              -0.009863	
               -0.028518	  ,              -0.002425	
               -0.026503	  ,              -0.008873	
               -0.038203	  ,              -0.018884	
               -0.021157	  ,              -0.020628	
               -0.018845	  ,              -0.015455	
               -0.012659	  ,              -0.001476	
               -0.003274	  ,              -0.010694	
                0.008630	  ,              -0.015677	
                0.016291	  ,              -0.014075	
                0.014967	  ,              -0.009929	
                0.011254	  ,              -0.001028	
                0.021574	  ,               0.004687	
                0.028501	  ,               0.010046	
                0.029666	  ,               0.024183	
                0.037416	  ,               0.038482	
                0.027882	  ,               0.036719	
                0.008846	  ,               0.035122	
               -0.004949	  ,               0.036727	
               -0.002690	  ,               0.032761	
                0.008350	  ,               0.018988	
                0.010254	  ,               0.013487	
               -0.002903	  ,               0.011872	
               -0.021636	  ,               0.004316	
               -0.014487	  ,              -0.005286	
               -0.012404	  ,              -0.024209	
               -0.006423	  ,              -0.065303	
               -0.019568	  ,              -0.082723	
               -0.021383	  ,              -0.077490	
               -0.023038	  ,              -0.043662	
               -0.007953	  ,              -0.003903	
               -0.014177	  ,               0.022648	
               -0.008741	  ,               0.046826	
                0.002931	  ,               0.051195	
                0.010374	  ,               0.047263	
                0.011559	  ,               0.029109	
                0.012545	  ,               0.012630	
                0.011343	  ,              -0.026522	
                0.016423	  ,              -0.085311	
                0.011708	  ,              -0.077630	
                0.010724	  ,              -0.042207	
               -0.004117	  ,              -0.009510	
                0.000998	  ,               0.009646	
                0.001560	  ,               0.015234	
               -0.002760	  ,               0.009808	
               -0.011642	  ,              -0.014587	
               -0.017987	  ,              -0.019204	
               -0.014862	  ,              -0.015556	
               -0.017992	  ,              -0.012269	
               -0.007753	  ,              -0.015751	
                0.001817	  ,              -0.001117	
                0.005484	  ,               0.006764	
                0.004433	  ,               0.018884	
                0.005428	  ,               0.025242	
                0.011847	  ,               0.018902	
                0.011022	  ,               0.027956	
                0.016300	  ,               0.019246	
                0.015673	  ,               0.020536	
                0.011518	  ,               0.010669	
                0.012106	  ,              -0.000854	
                0.009653	  ,              -0.017899	
                0.006681	  ,              -0.006842	
                0.003865	  ,               0.003256	
                0.002904	  ,               0.005120	
                0.008199	  ,              -0.003331	
                0.015173	  ,              -0.001812	
                0.003037	  ,              -0.000456	
                0.001367	  ,              -0.009228	
               -0.003205	  ,              -0.010203	
               -0.004582	  ,              -0.000678	
                0.001669	  ,               0.000524	
                0.000657	  ,               0.006092	
               -0.002363	  ,               0.011285	
               -0.010783	  ,               0.015765	
               -0.013965	  ,               0.016507	
               -0.008677	  ,               0.011133	
               -0.007796	  ,               0.011655	
               -0.005216	  ,               0.001977	
               -0.005855	  ,              -0.010778	
               -0.009358	  ,              -0.002531	
               -0.003551	  ,              -0.004201	
                0.004989	  ,               0.002697	
                0.008284	  ,               0.003923	
                0.007355	  ,               0.004993	
                0.015889	  ,               0.008103	
                0.014953	  ,               0.005501	
                0.007743	  ,               0.008196	
                0.006966	  ,               0.009039	
                0.004482	  ,               0.004270	
               -0.002398	  ,               0.011282	
                0.000373	  ,               0.010525	
               -0.007344	  ,               0.018434	
               -0.016764	  ,               0.021641	
               -0.012993	  ,               0.022663	
               -0.011946	  ,               0.020338	
               -0.008879	  ,               0.019888	
               -0.009715	  ,               0.015230	
               -0.013936	  ,               0.006009	
               -0.010204	  ,               0.002221	
               -0.009517	  ,              -0.001233	
               -0.005265	  ,              -0.004168	
               -0.004733	  ,              -0.000830	
               -0.008272	  ,               0.002154	
               -0.007913	  ,               0.003249	
               -0.007545	  ,               0.008730	
               -0.007175	  ,               0.004035	
               -0.012387	  ,              -0.005241	
               -0.005416	  ,              -0.025888	
               -0.002682	  ,              -0.052817	
                0.003268	  ,              -0.049142	
                0.008544	  ,              -0.065446	
                0.015004	  ,              -0.080256	
                0.015874	  ,              -0.061071	
                0.018100	  ,              -0.033802	
                0.011703	  ,              -0.022954	
                0.014269	  ,              -0.032769	
                0.016501	  ,              -0.035652	
                0.020081	  ,              -0.032956	
                0.010624	  ,              -0.005756	
                0.009284	  ,               0.012300	
               -0.004589	  ,               0.035290	
               -0.017613	  ,               0.056095	
               -0.015921	  ,               0.058831	
               -0.011359	  ,               0.066141	
                0.001151	  ,               0.068391	
                0.002840	  ,               0.078570	
                0.001326	  ,               0.091596	
               -0.002725	  ,               0.079738	
               -0.001532	  ,               0.056698	
               -0.007106	  ,               0.007079	
               -0.006092	  ,              -0.028491	
               -0.003373	  ,              -0.022114	
                0.009495	  ,              -0.027909	
                0.007658	  ,              -0.054514	
                0.012751	  ,              -0.088391	
                0.005163	  ,              -0.084042	
                0.009243	  ,              -0.064149	
                0.005545	  ,              -0.031410	
               -0.006937	  ,              -0.009520	
               -0.008604	  ,               0.002214	
               -0.010125	  ,               0.005655	
               -0.003178	  ,               0.008749	
                0.007135	  ,              -0.011512	
                0.008304	  ,              -0.020457	
                0.009315	  ,              -0.039740	
                0.006274	  ,              -0.032641	
                0.007133	  ,              -0.030629	
                0.004610	  ,              -0.016632	
                0.002431	  ,              -0.018725	
                0.004469	  ,              -0.013879	
                0.008704	  ,               0.002824	
               -0.000089	  ,               0.022924	
               -0.008891	  ,               0.025459	
               -0.007884	  ,               0.027675	
               -0.010939	  ,               0.029729	
               -0.011796	  ,               0.035699	
               -0.009275	  ,               0.037465	
               -0.014539	  ,               0.028915	
               -0.015229	  ,               0.024228	
               -0.015739	  ,               0.025430	
               -0.011666	  ,               0.029001	
               -0.013171	  ,               0.045943	
               -0.013494	  ,               0.038563	
               -0.007062	  ,               0.036296	
               -0.006235	  ,               0.026123	
               -0.008807	  ,               0.016827	
               -0.000379	  ,               0.018545	
                0.000616	  ,               0.014029	
                0.010074	  ,              -0.006709	
                0.011245	  ,              -0.021490	
                0.010214	  ,              -0.040488	
                0.011190	  ,              -0.042716	
                0.008440	  ,              -0.049178	
                0.004172	  ,              -0.034851	
                0.001934	  ,              -0.021716	
                0.003956	  ,              -0.013169	
                0.005628	  ,              -0.011577	
                0.006112	  ,              -0.007476	
                0.009640	  ,              -0.008648	
                0.003522	  ,              -0.007655	
                0.007718	  ,              -0.010770	
               -0.000769	  ,              -0.010013	
                0.000213	  ,              -0.012614	
               -0.000828	  ,              -0.008927	
               -0.001709	  ,               0.000353	
               -0.009523	  ,               0.004056	
               -0.016846	  ,               0.014388	
               -0.008430	  ,               0.010397	
                0.004040	  ,               0.011727	
               -0.001083	  ,               0.010884	
                0.006470	  ,               0.016288	
                0.007762	  ,               0.021016	
                0.003989	  ,               0.025395	
                0.000737	  ,               0.020265	
               -0.002344	  ,               0.019683	
               -0.001531	  ,               0.026689	
               -0.005804	  ,               0.027588	
                0.005660	  ,               0.018166	
                0.007307	  ,               0.004360	
                0.008774	  ,              -0.004899	
                0.012781	  ,              -0.016673	
                0.009021	  ,              -0.021147	
                0.007956	  ,              -0.019666	
                0.006887	  ,              -0.025779	
                0.007686	  ,              -0.035959	
                0.005103	  ,              -0.031772	
                0.002853	  ,              -0.012704	
               -0.004980	  ,               0.006553	
               -0.012325	  ,               0.019062	
               -0.013249	  ,               0.016994	
               -0.010778	  ,              -0.001347	
               -0.005619	  ,               0.001091	
                0.004928	  ,              -0.001048	
                0.006331	  ,              -0.007097	
               -0.000731	  ,              -0.016372	
               -0.009652	  ,              -0.021440	
               -0.012989	  ,              -0.019924	
               -0.020377	  ,              -0.018579	
               -0.017770	  ,              -0.012344	
               -0.008373	  ,              -0.013392	
               -0.009603	  ,              -0.003974	
               -0.006389	  ,               0.002225	
               -0.001103	  ,               0.001160	
               -0.011366	  ,               0.006348	
               -0.001673	  ,               0.012739	
               -0.000440	  ,               0.023889	
               -0.001429	  ,               0.019325	
                0.001646	  ,               0.017981	
                0.002535	  ,               0.016809	
                0.001739	  ,               0.013597	
                0.005517	  ,               0.008353	
                0.007621	  ,              -0.003829	
                0.008196	  ,              -0.012279	
                0.006567	  ,              -0.013787	
                0.010181	  ,              -0.009697	
                0.005161	  ,              -0.015909	
                0.004534	  ,              -0.030751	
               -0.002346	  ,              -0.024610	
                0.006184	  ,              -0.004103	
                0.007287	  ,              -0.001358	
                0.004352	  ,               0.005939	
                0.001773	  ,               0.017118	
               -0.000652	  ,               0.023204	
               -0.003069	  ,               0.028111	
                0.002296	  ,               0.041116	
               -0.001141	  ,               0.039385	
                0.000661	  ,               0.031739	
                0.006019	  ,               0.035741	
                0.005456	  ,               0.016707	
               -0.002717	  ,               0.002869	
                0.000604	  ,              -0.014552	
               -0.000289	  ,              -0.030314	
               -0.001012	  ,              -0.028501	
               -0.000043	  ,              -0.023139	
                0.005318	  ,              -0.021682	
                0.008985	  ,              -0.038817	
                0.018563	  ,              -0.054521	
                0.022702	  ,              -0.036122	
                0.013926	  ,              -0.013807	
                0.026411	  ,               0.001082	
                0.038192	  ,               0.009190	
                0.036615	  ,               0.006812	
                0.037903	  ,               0.004613	
                0.029041	  ,               0.006652	
                0.021176	  ,               0.004804	
                0.013825	  ,               0.003130	
                0.001607	  ,               0.007743	
               -0.010219	  ,               0.000865	
               -0.030121	  ,               0.009728	
               -0.054715	  ,               0.006573	
               -0.070956	  ,               0.005604	
               -0.067898	  ,               0.012096	
               -0.054036	  ,               0.012995	
               -0.041513	  ,               0.007792	
               -0.016638	  ,               0.001403	
               -0.013228	  ,              -0.001095	
               -0.015897	  ,              -0.000376	
               -0.012995	  ,               0.004559	
               -0.015179	  ,               0.005077	
               -0.017217	  ,               0.003387	
               -0.010980	  ,              -0.003390	
               -0.001552	  ,              -0.007973	
                0.003628	  ,              -0.013925	
                0.011331	  ,              -0.017699	
                0.012763	  ,              -0.012836	
                0.009115	  ,              -0.012353	
                0.008164	  ,              -0.008290	
                0.007195	  ,              -0.008756	
               -0.006814	  ,              -0.001758	
               -0.008812	  ,               0.003567	
                0.004250	  ,               0.012077	
               -0.000785	  ,               0.004347	
                0.000757	  ,               0.009653	
                0.004818	  ,               0.014296	
                0.011070	  ,               0.008446	
                0.007828	  ,               0.016961	
                0.015047	  ,               0.022589	
                0.012282	  ,               0.038367	
                0.016464	  ,               0.045006	
                0.006416	  ,               0.051119	
                0.002283	  ,               0.052995	
                0.001023	  ,               0.047920	
                0.004151	  ,               0.046380	
                0.005069	  ,               0.025560	
                0.007666	  ,              -0.019451	
                0.020411	  ,              -0.064618	
                0.048208	  ,              -0.058887	
                0.068066	  ,              -0.053672	
                0.071535	  ,              -0.039296	
                0.055053	  ,              -0.043674	
                0.052112	  ,              -0.039752	
                0.043903	  ,              -0.036173	
                0.041407	  ,              -0.032944	
                0.020986	  ,              -0.030062	
               -0.014848	  ,              -0.038179	
               -0.048831	  ,              -0.030901	
               -0.070983	  ,              -0.024298	
               -0.083008	  ,              -0.005859	
               -0.101293	  ,               0.006487	
               -0.091659	  ,               0.004280	
               -0.058849	  ,               0.014424	
               -0.054623	  ,               0.019987	
               -0.050887	  ,               0.021662	
               -0.047457	  ,               0.020106	
               -0.044348	  ,               0.018691	
               -0.029546	  ,               0.017421	
               -0.015926	  ,               0.022900	
                0.001260	  ,               0.021784	
                0.007779	  ,               0.020856	
                0.021918	  ,               0.016571	
                0.027433	  ,               0.017167	
                0.029066	  ,               0.023504	
                0.027504	  ,               0.015630	
                0.023409	  ,               0.006052	
                0.019653	  ,              -0.013007	
                0.022822	  ,              -0.037807	
                0.021751	  ,              -0.034700	
                0.018997	  ,              -0.026002	
                0.009473	  ,              -0.001416	
                0.000620	  ,               0.001712	
                0.008337	  ,              -0.001230	
                0.013529	  ,              -0.009417	
                0.012630	  ,              -0.007108	
                0.022050	  ,               0.004007	
                0.029620	  ,               0.001946	
                0.023317	  ,              -0.008228	
                0.010748	  ,              -0.006358	
                0.015776	  ,              -0.008038	
                0.008114	  ,              -0.009538	
                0.006708	  ,              -0.005470	
                0.007839	  ,               0.003345	
                0.008805	  ,               0.006576	
                0.011808	  ,               0.013850	
                0.009065	  ,               0.007396	
                0.006490	  ,               0.015154	
               -0.001988	  ,               0.016116	
               -0.019084	  ,               0.013339	
               -0.031424	  ,               0.010755	
               -0.029212	  ,               0.008533	
               -0.010775	  ,               0.010575	
                0.006452	  ,               0.010101	
               -0.004753	  ,               0.008480	
               -0.002759	  ,               0.006031	
               -0.004664	  ,              -0.000816	
               -0.003039	  ,              -0.005964	
                0.004491	  ,              -0.003166	
                0.000338	  ,              -0.007297	
               -0.008547	  ,              -0.001962	
               -0.011831	  ,              -0.008290	
               -0.008837	  ,              -0.002272	
               -0.002413	  ,              -0.004391	
               -0.003207	  ,               0.003459	
                0.002107	  ,               0.013006	
                0.007106	  ,               0.019338	
                0.007727	  ,               0.022605	
               -0.000939	  ,               0.015362	
                0.008011	  ,               0.001354	
                0.002595	  ,              -0.017042	
                0.000586	  ,              -0.001939	
               -0.000071	  ,               0.000151	
               -0.006821	  ,              -0.001642	
               -0.005809	  ,               0.003505	
               -0.003122	  ,               0.008131	
                0.002252	  ,               0.004111	
                0.004399	  ,               0.007862	
               -0.003792	  ,               0.004655	
               -0.002684	  ,               0.011903	
               -0.005651	  ,              -0.002152	
                0.000840	  ,              -0.012280	
                0.001729	  ,              -0.006634	
               -0.000431	  ,              -0.014998	
                0.001646	  ,              -0.016423	
               -0.002518	  ,              -0.023243	
                0.001605	  ,              -0.026847	
                0.003186	  ,              -0.037052	
                0.004412	  ,              -0.030033	
                0.002409	  ,              -0.023716	
                0.004954	  ,              -0.011138	
               -0.000293	  ,              -0.016159	
               -0.004030	  ,              -0.014570	
               -0.006089	  ,              -0.007573	
               -0.004433	  ,               0.006341	
               -0.000406	  ,              -0.006630	
               -0.008227	  ,              -0.004868	
               -0.005052	  ,              -0.003296	
               -0.004072	  ,               0.003666	
               -0.001394	  ,               0.007392	
                0.001118	  ,               0.006368	
                0.001777	  ,               0.001071	
                0.002452	  ,              -0.007472	
               -0.007000	  ,              -0.004364	
               -0.002887	  ,               0.007038	
                0.000879	  ,               0.011542	
               -0.002280	  ,               0.015637	
               -0.001219	  ,               0.019450	
                0.001531	  ,               0.029846	
                0.002424	  ,               0.031267	
                0.001779	  ,               0.032502	
               -0.001751	  ,               0.033574	
               -0.001224	  ,               0.036689	
                0.001684	  ,               0.024589	
               -0.000818	  ,               0.016198	
               -0.001975	  ,               0.017794	
               -0.003129	  ,               0.021932	
               -0.002757	  ,               0.010664	
               -0.001024	  ,               0.000074	
               -0.006064	  ,              -0.009515	
               -0.003993	  ,              -0.020822	
                0.001784	  ,              -0.028434	
                0.008748	  ,              -0.029778	
                0.011475	  ,              -0.015892	
                0.012334	  ,              -0.010303	
                0.008618	  ,              -0.008598	
                0.010647	  ,              -0.004022	
                0.007608	  ,               0.008514	
                0.008123	  ,               0.006869	
                0.008640	  ,              -0.006974	
                0.008995	  ,              -0.016236	
                0.002584	  ,              -0.031431	
               -0.001960	  ,              -0.029386	
               -0.013102	  ,              -0.038673	
               -0.014618	  ,              -0.030206	
               -0.007671	  ,              -0.016328	
                0.001144	  ,               0.004140	
                0.001322	  ,               0.013602	
                0.002350	  ,               0.010878	
                0.007600	  ,               0.013246	
                0.006761	  ,               0.002082	
                0.011010	  ,               0.008173	
                0.011687	  ,               0.021194	
                0.006775	  ,               0.009358	
                0.008456	  ,              -0.001277	
                0.003201	  ,               0.005686	
               -0.003227	  ,               0.019567	
               -0.011015	  ,               0.025132	
               -0.018287	  ,               0.023419	
               -0.020985	  ,               0.040306	
               -0.020133	  ,               0.046869	
               -0.016395	  ,               0.048858	
               -0.022816	  ,               0.032053	
               -0.018581	  ,              -0.001702	
               -0.019264	  ,              -0.064887	
               -0.009960	  ,              -0.090850	
               -0.003707	  ,              -0.067611	
               -0.000506	  ,              -0.046407	
                0.006754	  ,              -0.027242	
                0.007585	  ,              -0.021599	
                0.008417	  ,              -0.026935	
                0.003165	  ,              -0.022279	
                0.005182	  ,              -0.009177	
                0.009398	  ,              -0.005383	
                0.008879	  ,              -0.001932	
                0.006326	  ,               0.007781	
               -0.000620	  ,               0.004808	
               -0.001654	  ,               0.007434	
               -0.000827	  ,               0.014625	
                0.005081	  ,               0.021123	
                0.001348	  ,               0.023046	
                0.004890	  ,               0.017348	
                0.005381	  ,               0.018913	
                0.010604	  ,               0.014221	
                0.014144	  ,               0.015473	
                0.009902	  ,               0.004033	
                0.007011	  ,              -0.012993	
               -0.000792	  ,              -0.001947	
               -0.004030	  ,              -0.008150	
               -0.005075	  ,              -0.006402	
               -0.004260	  ,              -0.001442	
               -0.003451	  ,               0.003006	
                0.004967	  ,               0.004220	
                0.001703	  ,               0.005253	
               -0.005617	  ,               0.008316	
                0.002800	  ,               0.013446	
               -0.000450	  ,               0.012535	
                0.002563	  ,               0.006613	
               -0.000181	  ,               0.010334	
               -0.008017	  ,               0.013894	
                0.001393	  ,               0.010856	
                0.002498	  ,               0.002059	
                0.003430	  ,              -0.006705	
                0.004368	  ,              -0.005663	
               -0.002141	  ,              -0.004650	
               -0.001395	  ,               0.009366	
               -0.005226	  ,               0.007326	
               -0.007379	  ,               0.009222	
               -0.004444	  ,               0.007560	
               -0.008607	  ,               0.003001	
               -0.002958	  ,               0.004383	
               -0.002359	  ,               0.015761	
               -0.000391	  ,               0.008207	
               -0.002135	  ,               0.004179	
                0.003062	  ,               0.015510	
                0.003682	  ,               0.010883	
                0.003119	  ,               0.009472	
                0.003602	  ,              -0.001872	
                0.001065	  ,              -0.018767	
               -0.005016	  ,              -0.029857	
               -0.004178	  ,              -0.023642	
               -0.003510	  ,              -0.021631	
               -0.002855	  ,              -0.026535	
               -0.003388	  ,              -0.030938	
               -0.006300	  ,              -0.026726	
               -0.001598	  ,              -0.030312	
               -0.001133	  ,              -0.029163	
               -0.004074	  ,              -0.017526	
               -0.007705	  ,              -0.009775	
               -0.004735	  ,              -0.002704	
                0.001622	  ,               0.008770	
                0.006133	  ,               0.013454	
               -0.001657	  ,               0.012186	
               -0.002650	  ,               0.021052	
               -0.005300	  ,               0.024323	
               -0.001001	  ,               0.031664	
               -0.003133	  ,               0.030879	
                0.000449	  ,               0.024998	
               -0.000022	  ,               0.016620	
                0.002842	  ,               0.015721	
                0.000284	  ,               0.023100	
                0.003313	  ,               0.033530	
               -0.003090	  ,               0.029618	
               -0.003882	  ,               0.013357	
                0.000431	  ,              -0.006818	
                0.002744	  ,              -0.031390	
                0.006483	  ,              -0.021468	
                0.016174	  ,              -0.024248	
                0.020151	  ,              -0.018415	
                0.024471	  ,              -0.015650	
                0.023537	  ,              -0.027962	
                0.013446	  ,              -0.012366	
                0.009603	  ,               0.001856	
                0.018604	  ,               0.011161	
                0.017789	  ,               0.006107	
                0.019014	  ,              -0.013868	
                0.005202	  ,              -0.005766	
               -0.000634	  ,               0.006561	
                0.001461	  ,              -0.000087	
               -0.010165	  ,              -0.010288	
               -0.011501	  ,              -0.019626	
               -0.015380	  ,              -0.011172	
               -0.008958	  ,              -0.003534	
                0.001504	  ,               0.009019	
                0.008564	  ,               0.010740	
               -0.007730	  ,               0.009254	
               -0.018811	  ,               0.013315	
               -0.016719	  ,              -0.003121	
               -0.003656	  ,              -0.023467	
               -0.001951	  ,              -0.031637	
                0.002605	  ,              -0.029305	
                0.006648	  ,              -0.009011	
                0.012877	  ,               0.004703	
                0.009647	  ,               0.017062	
                0.010656	  ,               0.019266	
                0.019129	  ,               0.013195	
                0.024722	  ,               0.007628	
                0.019496	  ,               0.009340	
                0.016814	  ,               0.004788	
                0.003958	  ,               0.014417	
               -0.023990	  ,               0.023181	
               -0.035887	  ,               0.024159	
               -0.046775	  ,               0.021079	
               -0.043631	  ,               0.006989	
               -0.034918	  ,               0.000844	
               -0.004913	  ,               0.002647	
               -0.008909	  ,              -0.016000	
                0.023805	  ,              -0.038370	
                0.028103	  ,              -0.023485	
                0.024099	  ,              -0.020775	
               -0.001400	  ,              -0.038050	
               -0.011344	  ,              -0.031482	
               -0.026365	  ,              -0.013070	
               -0.040196	  ,              -0.010741	
               -0.067563	  ,               0.000346	
               -0.071250	  ,               0.006304	
               -0.074599	  ,               0.007965	
               -0.059862	  ,               0.019553	
               -0.040901	  ,               0.026850	
               -0.008752	  ,               0.019606	
                0.004298	  ,               0.020537	
                0.015980	  ,               0.017081	
                0.019376	  ,               0.001170	
                0.009404	  ,               0.021372	
                0.000453	  ,               0.024118	
               -0.013409	  ,               0.016993	
                0.003694	  ,               0.028304	
                0.019096	  ,               0.018243	
                0.033135	  ,              -0.002177	
                0.034811	  ,              -0.021250	
                0.039691	  ,              -0.033541	
                0.044058	  ,              -0.040104	
                0.045198	  ,              -0.033994	
                0.041256	  ,              -0.028392	
                0.048816	  ,              -0.006363	
                0.047586	  ,               0.008550	
                0.048216	  ,               0.011269	
                0.045475	  ,               0.003997	
                0.043090	  ,              -0.007206	
                0.032268	  ,              -0.017423	
                0.027563	  ,              -0.019377	
                0.006673	  ,              -0.014415	
               -0.008245	  ,              -0.006900	
               -0.027360	  ,              -0.008375	
               -0.024984	  ,              -0.002244	
               -0.031583	  ,              -0.001392	
               -0.037688	  ,               0.009921	
               -0.024672	  ,               0.029663	
               -0.002703	  ,               0.037574	
                0.006069	  ,               0.034997	
                0.003335	  ,               0.023630	
               -0.003962	  ,               0.021378	
               -0.001772	  ,               0.019327	
                0.004331	  ,               0.010740	
               -0.001170	  ,              -0.006278	
               -0.009482	  ,              -0.013007	
               -0.013851	  ,              -0.043766	
               -0.009601	  ,              -0.048360	
               -0.005658	  ,              -0.028613	
               -0.006444	  ,              -0.017986	
               -0.007223	  ,              -0.014971	
               -0.017344	  ,              -0.012301	
               -0.015794	  ,               0.001250	
               -0.011879	  ,               0.023471	
               -0.010676	  ,               0.050447	
               -0.001029	  ,               0.083217	
                0.002875	  ,               0.105209	
                0.004099	  ,               0.085279	
               -0.009347	  ,               0.037971	
               -0.003634	  ,               0.017753	
               -0.012625	  ,              -0.014472	
               -0.010639	  ,              -0.055320	
               -0.008849	  ,              -0.124578	
               -0.004520	  ,              -0.171857	
               -0.007990	  ,              -0.145884	
               -0.006738	  ,              -0.075255	
                0.000717	  ,              -0.027788	
                0.014930	  ,              -0.019001	
                0.017108	  ,              -0.026609	
                0.022807	  ,              -0.005130	
                0.031325	  ,               0.014343	
                0.038963	  ,               0.020292	
                0.043010	  ,               0.015248	
                0.036715	  ,               0.020222	
                0.026333	  ,               0.024866	
                0.013742	  ,               0.028997	
                0.008591	  ,               0.040023	
                0.006969	  ,               0.043435	
               -0.005633	  ,               0.052444	
               -0.031093	  ,               0.060769	
               -0.049281	  ,               0.053707	
               -0.052574	  ,               0.065141	
               -0.043872	  ,               0.059447	
               -0.024863	  ,               0.065481	
               -0.002637	  ,               0.060820	
                0.000185	  ,               0.059647	
                0.008253	  ,               0.039154	
                0.010559	  ,               0.024551	
                0.008315	  ,               0.016701	
               -0.001867	  ,               0.024268	
               -0.003739	  ,              -0.004687	
               -0.008818	  ,              -0.048301	
               -0.031852	  ,              -0.065276	
               -0.048293	  ,              -0.038295	
               -0.045451	  ,              -0.023567	
               -0.026378	  ,               0.007525	
               -0.019160	  ,               0.011704	
               -0.017025	  ,               0.015509	
               -0.019127	  ,               0.018967	
               -0.002445	  ,               0.016342	
               -0.000332	  ,              -0.008112	
                0.001604	  ,              -0.017699	
                0.007098	  ,              -0.020361	
                0.012072	  ,              -0.033854	
                0.016525	  ,              -0.050893	
                0.009475	  ,              -0.057278	
               -0.001980	  ,              -0.055043	
               -0.009731	  ,              -0.053022	
                0.002619	  ,              -0.047856	
                0.017666	  ,              -0.037181	
                0.031709	  ,              -0.033147	
                0.018525	  ,              -0.021862	
                0.013306	  ,              -0.001979	
                0.008614	  ,               0.006011	
                0.029349	  ,              -0.001428	
                0.032155	  ,              -0.026243	
                0.040213	  ,              -0.029501	
                0.047426	  ,              -0.020715	
                0.058542	  ,              -0.028842	
                0.056479	  ,              -0.021624	
                0.054592	  ,              -0.006117	
                0.042729	  ,              -0.008194	
                0.032054	  ,               0.004760	
                0.019523	  ,               0.030027	
                0.000878	  ,               0.062717	
               -0.001549	  ,               0.058186	
               -0.026330	  ,               0.038083	
               -0.036210	  ,               0.034375	
               -0.045057	  ,               0.024373	
               -0.053215	  ,              -0.008821	
               -0.050873	  ,              -0.075194	
               -0.044291	  ,              -0.084927	
               -0.046317	  ,              -0.042062	
               -0.063043	  ,               0.012278	
               -0.051831	  ,               0.033277	
               -0.033321	  ,               0.052212	
               -0.025966	  ,               0.057593	
               -0.014715	  ,               0.030640	
               -0.020717	  ,               0.006046	
               -0.022484	  ,              -0.042919	
               -0.007172	  ,              -0.088502	
               -0.000984	  ,              -0.059682	
                0.004685	  ,              -0.012116	
                0.006452	  ,               0.006683	
                0.011099	  ,               0.011984	
                0.015233	  ,               0.016793	
                0.021585	  ,               0.021137	
                0.018449	  ,               0.025172	
                0.027999	  ,               0.028741	
                0.029274	  ,               0.031998	
                0.016879	  ,               0.028514	
                0.025476	  ,               0.025365	
                0.033227	  ,               0.016981	
                0.029318	  ,               0.014364	
                0.033217	  ,               0.011925	
                0.038979	  ,               0.021859	
                0.048602	  ,               0.023541	
                0.037397	  ,               0.018308	
                0.026846	  ,               0.016649	
                0.011733	  ,               0.001323	
                0.002711	  ,              -0.005850	
               -0.007305	  ,              -0.003871	
               -0.035089	  ,               0.009133	
               -0.031101	  ,               0.007455	
               -0.027471	  ,               0.005967	
               -0.017581	  ,               0.004645	
               -0.014647	  ,              -0.004130	
               -0.022722	  ,               0.010798	
               -0.020312	  ,               0.008827	
               -0.018076	  ,              -0.004137	
               -0.016029	  ,              -0.002355	
               -0.017898	  ,              -0.000716	
               -0.006097	  ,              -0.001941	
                0.001462	  ,              -0.013139	
                0.011044	  ,              -0.020593	
               -0.000381	  ,              -0.019065	
               -0.008082	  ,              -0.010105	
               -0.015115	  ,              -0.010981	
               -0.024025	  ,              -0.007809	
               -0.023124	  ,              -0.008537	
               -0.017988	  ,              -0.009297	
               -0.007758	  ,              -0.008577	
               -0.000900	  ,              -0.007836	
                0.002754	  ,              -0.000780	
                0.001671	  ,               0.000235	
                0.004665	  ,              -0.003818	
                0.005476	  ,              -0.008884	
                0.001203	  ,              -0.003808	
                0.001849	  ,               0.002072	
               -0.003078	  ,               0.007412	
                0.005206	  ,               0.012377	
                0.004213	  ,               0.021892	
                0.001207	  ,               0.026042	
                0.015279	  ,               0.029908	
                0.017334	  ,               0.022275	
                0.030376	  ,               0.006688	
                0.028679	  ,              -0.013468	
                0.014792	  ,              -0.021462	
                0.001735	  ,              -0.028622	
               -0.010145	  ,              -0.026319	
               -0.008680	  ,              -0.020131	
               -0.015711	  ,              -0.014467	
               -0.029661	  ,              -0.009326	
               -0.027875	  ,              -0.013835	
               -0.012718	  ,              -0.017837	
               -0.006710	  ,              -0.006460	
                0.002534	  ,               0.001189	
                0.004160	  ,              -0.000130	
                0.005599	  ,               0.001066	
               -0.007010	  ,               0.006654	
               -0.015581	  ,               0.005621	
               -0.001821	  ,               0.002893	
                0.003660	  ,               0.000334	
                0.008652	  ,               0.004053	
                0.013153	  ,               0.004709	
                0.014456	  ,               0.000455	
                0.008164	  ,               0.004491	
                0.004932	  ,               0.006991	
                0.003893	  ,               0.000034	
                0.006580	  ,              -0.001010	
                0.010807	  ,              -0.003753	
                0.003901	  ,               0.002126	
               -0.002495	  ,               0.001403	
                0.005332	  ,               0.003391	
                0.002329	  ,              -0.000883	
               -0.002200	  ,              -0.001432	
                0.009008	  ,               0.001072	
                0.010576	  ,              -0.001154	
                0.009254	  ,               0.002718	
                0.005563	  ,               0.003205	
                0.008819	  ,               0.000992	
                0.005850	  ,               0.001325	
                0.003218	  ,               0.003861	
                0.005827	  ,               0.006238	
                0.009602	  ,               0.005235	
                0.017435	  ,               0.002711	
                0.012263	  ,               0.005096	
                0.000164	  ,               0.006798	
               -0.011610	  ,               0.004959	
               -0.019164	  ,               0.001092	
               -0.026036	  ,              -0.001765	
               -0.017177	  ,              -0.005297	
               -0.013898	  ,               0.000812	
               -0.008582	  ,              -0.000011	
                0.003687	  ,              -0.002189	
                0.005457	  ,               0.004240	
                0.007078	  ,               0.005069	
                0.008514	  ,               0.004358	
                0.012289	  ,              -0.000585	
                0.020094	  ,              -0.000114	
                0.006434	  ,              -0.000649	
                0.000933	  ,              -0.006411	
               -0.010832	  ,              -0.011649	
               -0.003161	  ,              -0.006730	
               -0.018317	  ,              -0.000966	
               -0.012129	  ,              -0.004668	
               -0.010188	  ,               0.001795	
               -0.011815	  ,              -0.000709	
               -0.004148	  ,               0.003036	
               -0.005459	  ,              -0.000497	
               -0.011706	  ,               0.000025	
               -0.026598	  ,              -0.005905	
               -0.018809	  ,               0.002861	
               -0.013542	  ,               0.001612	
               -0.007070	  ,              -0.001699	
               -0.006171	  ,               0.001216	
                0.002365	  ,              -0.001654	
                0.008035	  ,              -0.000988	
                0.005098	  ,              -0.003362	
               -0.006953	  ,               0.001397	
               -0.001769	  ,               0.004352	
                0.002884	  ,               0.000285	
                0.012583	  ,              -0.002220	
                0.018879	  ,              -0.005238	
                0.008604	  ,              -0.004859	
                0.004576	  ,              -0.000549	
                0.013388	  ,              -0.004494	
                0.012388	  ,               0.001371	
                0.009357	  ,              -0.002245	
               -0.004664	  ,              -0.005709	
                0.005484	  ,              -0.005116	
                0.011070	  ,              -0.007914	
                0.022897	  ,              -0.004281	
                0.018314	  ,              -0.003866	
                0.003073	  ,              -0.005812	
               -0.003042	  ,              -0.003205	
                0.002496	  ,              -0.004832	
                0.007512	  ,              -0.001047	
               -0.000196	  ,               0.004097	
                0.003751	  ,               0.003477	
               -0.000084	  ,               0.006570	
               -0.007982	  ,               0.001360	
               -0.011120	  ,               0.000715	
               -0.004772	  ,               0.004956	
               -0.014298	  ,               0.005437	
               -0.008057	  ,               0.005875	
               -0.000284	  ,               0.006111	
                0.009154	  ,               0.006304	
               -0.009841	  ,               0.006484	
               -0.028994	  ,               0.002441	
               -0.021749	  ,              -0.002419	
               -0.010624	  ,              -0.000803	
               -0.008658	  ,              -0.001269	
               -0.014327	  ,              -0.004669	
                0.004198	  ,              -0.005697	
                0.016447	  ,               0.000857	
                0.018558	  ,               0.005506	
                0.020502	  ,               0.006439	
                0.025986	  ,               0.010221	
                0.027580	  ,               0.019600	
                0.019865	  ,               0.025926	
                0.007236	  ,               0.038490	
               -0.008110	  ,               0.050348	
               -0.014311	  ,               0.057983	
               -0.031163	  ,               0.062060	
               -0.037849	  ,               0.058352	
               -0.048092	  ,               0.041303	
               -0.053762	  ,               0.009042	
               -0.031848	  ,              -0.030628	
               -0.011122	  ,              -0.078583	
                0.002498	  ,              -0.084913	
                0.009708	  ,              -0.067378	
                0.007445	  ,              -0.062021	
                0.009425	  ,              -0.076283	
                0.014961	  ,              -0.080575	
                0.016585	  ,              -0.060512	
                0.011953	  ,              -0.042296	
                0.002272	  ,              -0.019165	
                0.011046	  ,              -0.010248	
                0.005423	  ,              -0.002019	
                0.010599	  ,               0.000450	
                0.005961	  ,               0.007126	
                0.005056	  ,               0.005164	
                0.008710	  ,               0.014536	
                0.019295	  ,               0.016307	
                0.017679	  ,               0.017910	
                0.027231	  ,               0.013920	
                0.025964	  ,               0.020214	
                0.018109	  ,               0.021235	
                0.014988	  ,               0.026468	
                0.004616	  ,               0.023741	
               -0.002372	  ,               0.036563	
               -0.016283	  ,               0.053290	
               -0.029336	  ,               0.068827	
               -0.031046	  ,               0.078957	
               -0.011102	  ,               0.088253	
               -0.002999	  ,               0.076419	
               -0.010276	  ,               0.053451	
               -0.012456	  ,               0.023712	
               -0.014459	  ,              -0.012308	
               -0.001415	  ,              -0.085049	
                0.007069	  ,              -0.137164	
                0.008631	  ,              -0.108769	
                0.010027	  ,              -0.065663	
                0.006351	  ,              -0.026611	
                0.005416	  ,              -0.019501	
                0.012785	  ,              -0.000168	
                0.013723	  ,              -0.005877	
                0.012961	  ,              -0.000601	
                0.012380	  ,               0.013798	
                0.010449	  ,               0.026991	
                0.008847	  ,               0.023083	
                0.007569	  ,               0.021536	
                0.000025	  ,               0.017955	
                0.003142	  ,               0.001517	
                0.002364	  ,              -0.007320	
               -0.003490	  ,              -0.026502	
               -0.004105	  ,              -0.024236	
               -0.010459	  ,              -0.022180	
               -0.016279	  ,              -0.024395	
               -0.010915	  ,              -0.022753	
               -0.014339	  ,              -0.021265	
               -0.012517	  ,              -0.010770	
               -0.004782	  ,              -0.003970	
               -0.007719	  ,              -0.007807	
               -0.017918	  ,              -0.013481	
               -0.024706	  ,              -0.004066	
               -0.010706	  ,               0.002169	
                0.002434	  ,               0.005386	
                0.011010	  ,               0.019106	
                0.006542	  ,               0.021002	
                0.016274	  ,               0.019349	
                0.012622	  ,               0.008744	
                0.015885	  ,               0.004726	
                0.010688	  ,               0.011027	
                0.009888	  ,               0.028150	
                0.007378	  ,               0.040551	
                0.005203	  ,               0.042792	
               -0.004094	  ,               0.036727	
               -0.002919	  ,               0.034878	
               -0.010706	  ,               0.012892	
               -0.011720	  ,               0.010010	
               -0.007170	  ,               0.001891	
               -0.006359	  ,              -0.010452	
                0.003586	  ,              -0.021625	
                0.002213	  ,              -0.040088	
               -0.004051	  ,              -0.032850	
               -0.014372	  ,              -0.017356	
               -0.010335	  ,              -0.011369	
               -0.001566	  ,              -0.005919	
                0.001613	  ,               0.002375	
                0.004636	  ,               0.003694	
                0.003768	  ,              -0.003445	
               -0.005730	  ,              -0.022542	
               -0.006940	  ,              -0.041743	
               -0.003766	  ,              -0.029435	
                0.001437	  ,              -0.018294	
               -0.005035	  ,              -0.008146	
               -0.007617	  ,               0.008587	
               -0.006982	  ,               0.015176	
               -0.003478	  ,               0.017218	
               -0.004043	  ,               0.015384	
               -0.004628	  ,               0.006939	
               -0.004190	  ,               0.005420	
                0.000804	  ,               0.009477	
                0.007159	  ,               0.013179	
                0.004542	  ,               0.016372	
                0.006647	  ,               0.021582	
                0.007222	  ,               0.024264	
                0.007624	  ,               0.023400	
                0.005823	  ,               0.016446	
                0.005216	  ,               0.011868	
                0.010192	  ,               0.000701	
               -0.000562	  ,              -0.003857	
               -0.020609	  ,              -0.002481	
               -0.012570	  ,              -0.006181	
               -0.010275	  ,              -0.007182	
               -0.008137	  ,              -0.010199	
               -0.002088	  ,              -0.016596	
                0.003495	  ,              -0.017416	
                0.008561	  ,              -0.022622	
                0.016135	  ,              -0.016158	
                0.012046	  ,              -0.011903	
                0.010829	  ,              -0.011210	
                0.014008	  ,              -0.021854	
                0.010912	  ,              -0.017269	
                0.011696	  ,              -0.004727	
                0.009098	  ,               0.000372	
               -0.002460	  ,               0.001910	
               -0.014344	  ,               0.003263	
               -0.006773	  ,              -0.000467	
               -0.002749	  ,              -0.001518	
               -0.006497	  ,               0.005714	
               -0.012076	  ,               0.008381	
               -0.006802	  ,               0.007483	
               -0.004045	  ,               0.008105	
                0.003774	  ,               0.007367	
                0.004820	  ,               0.005644	
                0.007544	  ,               0.008512	
                0.003355	  ,               0.004969	
                0.004085	  ,               0.000747	
                0.002111	  ,               0.008372	
               -0.000872	  ,               0.007369	
                0.002056	  ,               0.010086	
               -0.001458	  ,               0.005853	
                0.000766	  ,               0.003641	
               -0.002078	  ,               0.008546	
               -0.007803	  ,               0.006870	
               -0.005243	  ,              -0.000714	
               -0.003033	  ,              -0.005922	
                0.006283	  ,              -0.003169	
               -0.002504	  ,              -0.000589	
                0.000728	  ,              -0.001224	
               -0.002982	  ,              -0.001013	
                0.000090	  ,              -0.003002	
                0.006554	  ,              -0.001259	
                0.010830	  ,              -0.000697	
                0.008676	  ,               0.000882	
                0.009394	  ,               0.003982	
                0.006378	  ,               0.003688	
                0.005887	  ,               0.001191	
                0.006401	  ,               0.002228	
                0.004221	  ,              -0.002833	
                0.000368	  ,              -0.003513	
               -0.007404	  ,              -0.000473	
               -0.013002	  ,              -0.003367	
               -0.011995	  ,              -0.002876	
               -0.026054	  ,               0.000137	
               -0.011879	  ,              -0.002770	
                0.004839	  ,              -0.004679	
                0.002634	  ,              -0.003041	
                0.000624	  ,              -0.005471	
                0.002507	  ,              -0.006198	
                0.007632	  ,              -0.006420	
                0.012268	  ,              -0.003274	
                0.008251	  ,              -0.002169	
                0.002041	  ,              -0.002580	
               -0.008248	  ,              -0.001616	
               -0.004163	  ,              -0.002661	
               -0.007856	  ,               0.000357	
               -0.008863	  ,               0.002384	
               -0.018331	  ,              -0.002690	
               -0.027121	  ,               0.000883	
               -0.026096	  ,               0.001423	
               -0.012374	  ,               0.003155	
               -0.006761	  ,              -0.004598	
                0.001717	  ,              -0.003542	
               -0.005855	  ,              -0.006532	
               -0.004445	  ,               0.001987	
               -0.000670	  ,               0.003051	
               -0.001642	  ,               0.004100	
                0.005664	  ,               0.001424	
                0.010260	  ,               0.002294	
                0.018065	  ,               0.002996	
                0.015039	  ,               0.007926	
                0.019618	  ,               0.006238	
                0.015393	  ,               0.004551	
                0.020643	  ,               0.006085	
                0.017079	  ,               0.000004	
                0.018762	  ,              -0.000850	
                0.009966	  ,              -0.004576	
                0.011163	  ,              -0.011001	
                0.000842	  ,              -0.010148	
               -0.003221	  ,              -0.013869	
               -0.006963	  ,              -0.013186	
               -0.007980	  ,              -0.012683	
               -0.004928	  ,              -0.009809	
                0.001523	  ,              -0.003046	
                0.007451	  ,              -0.003895	
                0.008136	  ,               0.002014	
               -0.002485	  ,               0.002673	
               -0.013077	  ,               0.006208	
               -0.000487	  ,               0.005686	
                0.004651	  ,               0.014461	
                0.006219	  ,               0.010725	
                0.013171	  ,               0.018492	
                0.021977	  ,               0.015425	
                0.016403	  ,               0.021816	
                0.000692	  ,               0.022648	
               -0.014823	  ,               0.023318	
               -0.012724	  ,               0.018397	
               -0.033141	  ,               0.018884	
               -0.041217	  ,               0.025295	
               -0.018834	  ,               0.022739	
               -0.021648	  ,               0.017470	
               -0.007884	  ,               0.006780	
               -0.005480	  ,              -0.007104	
               -0.012062	  ,              -0.008961	
               -0.001925	  ,              -0.024181	
                0.007371	  ,              -0.026201	
                0.009039	  ,              -0.035509	
                0.004446	  ,              -0.033829	
               -0.002520	  ,              -0.032318	
               -0.003734	  ,              -0.022677	
                0.006565	  ,              -0.026406	
               -0.003078	  ,              -0.032000	
               -0.011852	  ,              -0.031000	
               -0.006214	  ,              -0.016959	
               -0.000947	  ,              -0.006820	
                0.005486	  ,              -0.004975	
                0.006316	  ,               0.003442	
                0.006971	  ,               0.001819	
                0.010496	  ,               0.003029	
                0.010965	  ,               0.011639	
                0.014956	  ,               0.008229	
                0.010145	  ,               0.005003	
                0.015817	  ,               0.003990	
                0.013534	  ,               0.009798	
                0.007025	  ,               0.004551	
                0.002713	  ,               0.002552	
                0.004819	  ,               0.002066	
                0.006737	  ,               0.006109	
                0.012368	  ,               0.002495	
                0.000751	  ,               0.008539	
               -0.003051	  ,               0.007001	
               -0.011606	  ,               0.007886	
               -0.004096	  ,               0.007353	
               -0.005547	  ,               0.012475	
               -0.024587	  ,               0.013182	
               -0.038379	  ,               0.009272	
               -0.036109	  ,               0.005858	
               -0.025059	  ,               0.006296	
               -0.010998	  ,               0.000824	
                0.005604	  ,               0.003123	
                0.007653	  ,               0.005265	
                0.009538	  ,               0.013679	
               -0.003606	  ,              -0.001082	
               -0.008784	  ,              -0.007056	
               -0.010392	  ,              -0.001361	
               -0.000833	  ,               0.003835	
                0.002819	  ,              -0.000626	
               -0.002829	  ,               0.000768	
               -0.005941	  ,               0.004490	
               -0.005116	  ,               0.010063	
                0.007772	  ,              -0.003653	
                0.013403	  ,              -0.012976	
                0.021927	  ,              -0.011265	
                0.017441	  ,              -0.012770	
                0.021567	  ,              -0.000237	
                0.017920	  ,               0.004853	
                0.012438	  ,               0.000302	
                0.007286	  ,              -0.003766	
                0.002792	  ,              -0.000102	
               -0.001365	  ,               0.002981	
               -0.012805	  ,              -0.000237	
               -0.027956	  ,              -0.008912	
               -0.009458	  ,              -0.001351	
                0.002945	  ,               0.005734	
                0.014184	  ,               0.019667	
                0.012239	  ,               0.050285	
                0.014193	  ,               0.063538	
                0.015973	  ,               0.075477	
                0.029933	  ,               0.064783	
                0.020717	  ,               0.041949	
                0.015730	  ,               0.021400	
                0.008190	  ,              -0.019383	
                0.001285	  ,              -0.083592	
               -0.004963	  ,              -0.091798	
               -0.001777	  ,              -0.068073	
                0.001246	  ,              -0.032296	
                0.003942	  ,               0.000206	
               -0.008911	  ,              -0.005380	
               -0.029384	  ,              -0.021144	
               -0.015677	  ,              -0.045233	
               -0.008394	  ,              -0.093742	
               -0.006157	  ,              -0.113058	
               -0.004062	  ,              -0.072204	
               -0.002119	  ,              -0.024304	
                0.003055	  ,              -0.005197	
                0.007725	  ,               0.023848	
                0.023038	  ,               0.018373	
                0.025147	  ,               0.022858	
                0.027087	  ,               0.018206	
                0.018705	  ,               0.006135	
                0.001869	  ,               0.009563	
               -0.004658	  ,               0.012781	
               -0.018799	  ,               0.015778	
               -0.024324	  ,               0.007857	
               -0.032736	  ,               0.015402	
               -0.022056	  ,               0.049376	
               -0.020683	  ,               0.064100	
               -0.039626	  ,               0.059976	
               -0.042346	  ,               0.048358	
               -0.040007	  ,               0.037667	
               -0.028892	  ,               0.001390	
               -0.026903	  ,              -0.003291	
               -0.010191	  ,               0.001131	
               -0.003626	  ,              -0.002761	
               -0.009768	  ,               0.000779	
               -0.000512	  ,               0.017193	
                0.011286	  ,               0.050244	
                0.009724	  ,               0.090082	
                0.016646	  ,               0.106056	
                0.015456	  ,               0.110844	
                0.018684	  ,               0.088893	
                0.017685	  ,               0.052870	
                0.009242	  ,              -0.000408	
                0.006052	  ,              -0.064508	
                0.005031	  ,              -0.090385	
                0.007731	  ,              -0.098184	
                0.006891	  ,              -0.105292	
                0.007579	  ,              -0.111684	
                0.005567	  ,              -0.140817	
                0.015074	  ,              -0.156637	
                0.033176	  ,              -0.180882	
                0.040450	  ,              -0.150262	
                0.051604	  ,              -0.090450	
                0.033127	  ,               0.004153	
                0.015794	  ,               0.041534	
                0.004505	  ,               0.052691	
                0.006380	  ,               0.062677	
                0.000628	  ,               0.071870	
               -0.011410	  ,               0.097542	
               -0.028519	  ,               0.120843	
               -0.044225	  ,               0.128047	
               -0.041615	  ,               0.135184	
               -0.043697	  ,               0.129061	
               -0.045572	  ,               0.123659	
               -0.030347	  ,               0.097513	
               -0.011883	  ,               0.083572	
                0.000528	  ,               0.062013	
                0.011804	  ,               0.026341	
                0.013956	  ,              -0.046062	
                0.015950	  ,              -0.118626	
                0.010987	  ,              -0.165699	
                0.006491	  ,              -0.191349	
                0.007884	  ,              -0.198952	
                0.019258	  ,              -0.177502	
                0.020812	  ,              -0.158127	
                0.024909	  ,              -0.081595	
                0.023784	  ,              -0.029405	
                0.024857	  ,               0.036989	
                0.030163	  ,               0.062933	
                0.021780	  ,               0.070754	
                0.011547	  ,               0.077866	
                0.004721	  ,               0.084249	
                0.006014	  ,               0.078431	
               -0.001652	  ,               0.062434	
               -0.013041	  ,               0.018655	
               -0.020540	  ,               0.001078	
               -0.038514	  ,               0.006156	
               -0.040762	  ,               0.020369	
               -0.047256	  ,               0.024598	
               -0.045118	  ,               0.036217	
               -0.039439	  ,               0.025133	
               -0.024130	  ,               0.021623	
                0.006566	  ,               0.024189	
                0.011014	  ,               0.037519	
               -0.000794	  ,               0.029817	
               -0.004330	  ,              -0.004294	
               -0.007532	  ,              -0.067853	
               -0.010403	  ,              -0.042428	
                0.003295	  ,               0.027687	
                0.000918	  ,               0.074632	
                0.003102	  ,               0.082863	
                0.017295	  ,               0.074732	
                0.037739	  ,               0.095802	
                0.062412	  ,               0.102096	
                0.072162	  ,               0.096322	
                0.069194	  ,               0.059127	
                0.066388	  ,              -0.003982	
                0.043943	  ,              -0.116168	
                0.016753	  ,              -0.192662	
               -0.008750	  ,              -0.234333	
               -0.031918	  ,              -0.246924	
               -0.046968	  ,              -0.189517	
               -0.044400	  ,              -0.158535	
               -0.046898	  ,              -0.130328	
               -0.058192	  ,              -0.087452	
               -0.068437	  ,              -0.033113	
               -0.062927	  ,              -0.012097	
               -0.057908	  ,              -0.018843	
               -0.037980	  ,               0.010092	
               -0.013316	  ,               0.046935	
                0.009633	  ,               0.070733	
                0.006673	  ,               0.083540	
                0.014695	  ,               0.087063	
                0.012233	  ,               0.083185	
                0.009956	  ,               0.066536	
                0.015953	  ,               0.051458	
                0.006533	  ,               0.037659	
                0.004717	  ,               0.025267	
                0.006103	  ,               0.023088	
                0.001895	  ,               0.025159	
                0.007993	  ,               0.027045	
                0.013400	  ,               0.038906	
                0.014234	  ,               0.049578	
                0.007635	  ,               0.048222	
                0.001532	  ,               0.049370	
                0.008280	  ,               0.046075	
                0.010806	  ,               0.042947	
                0.004715	  ,               0.053188	
                0.003906	  ,               0.043486	
                0.005831	  ,               0.024476	
                0.002711	  ,              -0.005695	
                0.007902	  ,              -0.001892	
                0.009888	  ,               0.001565	
                0.012940	  ,               0.011269	
                0.010092	  ,               0.026039	
                0.007574	  ,               0.028600	
                0.006415	  ,               0.016068	
                0.001700	  ,               0.009259	
                0.004778	  ,               0.002998	
                0.006522	  ,              -0.017567	
                0.004059	  ,              -0.042296	
               -0.001954	  ,              -0.058693	
                0.000670	  ,              -0.067428	
                0.002979	  ,              -0.075435	
               -0.003318	  ,              -0.052982	
                0.004580	  ,              -0.044075	
                0.003649	  ,              -0.046680	
               -0.000843	  ,              -0.029351	
                0.012060	  ,              -0.022723	
                0.006502	  ,              -0.016607	
               -0.001948	  ,              -0.010959	
               -0.003466	  ,               0.007787	
                0.001950	  ,               0.013808	
               -0.007660	  ,               0.006870	
               -0.008810	  ,              -0.013055	
               -0.011973	  ,              -0.015333	
               -0.021382	  ,              -0.022118	
               -0.020113	  ,              -0.019424	
               -0.005122	  ,              -0.016925	
                0.005157	  ,              -0.007144	
                0.007174	  ,               0.008539	
                0.002273	  ,               0.019115	
               -0.005173	  ,               0.013943	
                0.001938	  ,               0.026164	
                0.013418	  ,               0.028006	
                0.012019	  ,               0.029613	
                0.013501	  ,               0.021043	
                0.017352	  ,               0.010935	
                0.014263	  ,               0.012482	
                0.013367	  ,               0.006421	
                0.010758	  ,               0.001036	
                0.004927	  ,              -0.001854	
                0.008725	  ,               0.002866	
                0.008108	  ,               0.003851	
                0.003939	  ,               0.000241	
               -0.004780	  ,               0.005235	
               -0.018557	  ,               0.004796	
               -0.024062	  ,               0.011296	
               -0.025709	  ,               0.013897	
               -0.021113	  ,               0.023909	
               -0.005865	  ,               0.025264	
               -0.015995	  ,               0.031513	
               -0.021566	  ,               0.039285	
               -0.016486	  ,               0.046540	
               -0.014970	  ,               0.045675	
               -0.008049	  ,               0.032786	
               -0.009260	  ,               0.030879	
               -0.008288	  ,               0.022355	
               -0.017808	  ,              -0.000714	
               -0.011589	  ,              -0.030549	
               -0.006039	  ,              -0.066675	
               -0.009140	  ,              -0.081164	
               -0.011915	  ,              -0.076878	
               -0.002510	  ,              -0.065146	
                0.008765	  ,              -0.068804	
                0.004142	  ,              -0.065670	
                0.005458	  ,              -0.062867	
                0.004221	  ,              -0.049240	
                0.005175	  ,              -0.036948	
                0.004110	  ,              -0.030394	
                0.008618	  ,              -0.028401	
                0.004316	  ,              -0.011669	
                0.012713	  ,               0.008671	
                0.007085	  ,               0.016832	
                0.006018	  ,               0.014482	
                0.008660	  ,               0.021056	
                0.009432	  ,               0.027094	
                0.011550	  ,               0.028881	
                0.009439	  ,               0.044040	
                0.007695	  ,               0.050073	
                0.005979	  ,               0.037026	
                0.000194	  ,               0.028571	
                0.011636	  ,               0.036198	
                0.016631	  ,               0.040270	
                0.008938	  ,               0.023893	
               -0.003620	  ,               0.008373	
               -0.005305	  ,              -0.001736	
               -0.003745	  ,              -0.014750	
                0.003202	  ,              -0.019809	
                0.006932	  ,               0.000180	
                0.010155	  ,              -0.002514	
                0.013225	  ,              -0.000144	
                0.001063	  ,               0.002059	
               -0.017504	  ,               0.004080	
               -0.024738	  ,               0.002208	
               -0.013537	  ,              -0.013050	
                0.000698	  ,              -0.011060	
                0.006295	  ,              -0.005554	
                0.004612	  ,              -0.003967	
                0.000059	  ,              -0.014758	
                0.004131	  ,              -0.010829	
                0.002965	  ,              -0.002164	
                0.006194	  ,               0.000913	
                0.003178	  ,               0.012252	
                0.004100	  ,               0.013609	
                0.008421	  ,               0.012097	
                0.003290	  ,               0.000639	
               -0.003003	  ,              -0.004012	
               -0.008788	  ,               0.005601	
                0.002843	  ,               0.006744	
                0.004652	  ,               0.005699	
                0.003239	  ,               0.008732	
               -0.003595	  ,               0.011442	
               -0.009749	  ,               0.014020	
               -0.015223	  ,               0.017807	
               -0.005639	  ,               0.018547	
               -0.001825	  ,               0.015590	
               -0.002739	  ,               0.008081	
               -0.001636	  ,               0.005173	
                0.003006	  ,              -0.008710	
               -0.004698	  ,              -0.035086	
               -0.009869	  ,              -0.031354	
               -0.007094	  ,              -0.021357	
                0.003295	  ,              -0.004754	
                0.009275	  ,               0.010318	
                0.011525	  ,               0.018605	
                0.013603	  ,               0.011478	
                0.005347	  ,               0.005018	
               -0.007147	  ,              -0.013317	
                0.001327	  ,              -0.020510	
                0.015201	  ,              -0.022647	
                0.020766	  ,              -0.024671	
                0.022428	  ,              -0.030290	
               -0.000598	  ,              -0.035425	
               -0.030396	  ,              -0.030942	
               -0.042267	  ,              -0.015822	
               -0.016938	  ,              -0.022027	
               -0.013777	  ,              -0.023995	
               -0.010938	  ,              -0.012249	
               -0.019096	  ,              -0.004715	
               -0.011876	  ,              -0.003401	
               -0.018533	  ,               0.010462	
               -0.012504	  ,               0.012326	
               -0.006996	  ,               0.024189	
                0.001366	  ,               0.028772	
                0.005832	  ,               0.046895	
                0.012674	  ,               0.059268	
                0.013770	  ,               0.065883	
                0.021457	  ,               0.055745	
                0.026591	  ,               0.042745	
                0.021889	  ,               0.037708	
                0.010553	  ,               0.045348	
               -0.012646	  ,               0.035723	
               -0.016072	  ,               0.016767	
               -0.019184	  ,              -0.018945	
               -0.027538	  ,              -0.043170	
               -0.020497	  ,              -0.074004	
               -0.014132	  ,              -0.062221	
               -0.000143	  ,              -0.065856	
                0.008966	  ,              -0.069154	
                0.010514	  ,              -0.054347	
                0.005882	  ,              -0.046301	
                0.007239	  ,              -0.029107	
                0.008451	  ,              -0.008852	
                0.011690	  ,              -0.006186	
                0.002227	  ,               0.001061	
                0.005963	  ,              -0.001186	
                0.009199	  ,               0.000769	
                0.001918	  ,              -0.004881	
                0.002759	  ,               0.003470	
               -0.001470	  ,               0.010953	
               -0.002133	  ,               0.012139	
               -0.002804	  ,               0.015683	
               -0.002293	  ,               0.016535	
               -0.002788	  ,               0.023702	
                0.003004	  ,               0.020904	
                0.003768	  ,               0.030288	
                0.001853	  ,               0.036465	
                0.005012	  ,               0.033181	
                0.010343	  ,               0.042591	
                0.009776	  ,               0.046263	
                0.004152	  ,               0.047266	
                0.003608	  ,               0.044248	
               -0.002680	  ,               0.030228	
               -0.001697	  ,               0.016021	
                0.000643	  ,              -0.000708	
               -0.009872	  ,              -0.016239	
               -0.005132	  ,              -0.026350	
                0.004700	  ,              -0.035602	
                0.006101	  ,              -0.050745	
                0.003125	  ,              -0.048627	
                0.002357	  ,              -0.050401	
                0.005297	  ,              -0.038467	
                0.006387	  ,              -0.036859	
                0.008827	  ,              -0.038120	
                0.011075	  ,              -0.024160	
                0.014344	  ,              -0.011047	
                0.017423	  ,              -0.016037	
                0.025389	  ,              -0.023586	
                0.042651	  ,              -0.008322	
                0.045183	  ,               0.005911	
                0.047529	  ,               0.022669	
                0.049681	  ,               0.029269	
                0.036760	  ,               0.031288	
                0.028409	  ,               0.029388	
                0.017858	  ,               0.024254	
                0.002720	  ,               0.031808	
               -0.015630	  ,               0.030393	
               -0.037870	  ,               0.021568	
               -0.076859	  ,               0.011244	
               -0.103345	  ,               0.001624	
               -0.098545	  ,              -0.009672	
               -0.076507	  ,              -0.011138	
               -0.048573	  ,              -0.017992	
               -0.030474	  ,              -0.004025	
               -0.020670	  ,               0.009097	
                0.006365	  ,              -0.002651	
                0.009868	  ,               0.020444	
                0.013004	  ,               0.023732	
                0.004125	  ,               0.032596	
                0.012145	  ,               0.040781	
                0.019297	  ,               0.033580	
                0.021357	  ,               0.004379	
                0.006999	  ,               0.000540	
               -0.017499	  ,               0.000757	
               -0.026941	  ,              -0.010031	
               -0.022002	  ,              -0.019811	
               -0.002176	  ,              -0.028573	
               -0.005016	  ,              -0.031240	
               -0.002799	  ,              -0.043576	
               -0.000760	  ,              -0.054734	
               -0.002970	  ,              -0.036297	
               -0.008747	  ,              -0.013981	
               -0.017406	  ,              -0.011137	
               -0.010013	  ,              -0.003071	
               -0.003299	  ,              -0.005513	
               -0.004706	  ,              -0.007811	
               -0.012719	  ,              -0.014012	
               -0.022428	  ,              -0.008543	
               -0.013865	  ,              -0.003582	
               -0.001586	  ,               0.000878	
               -0.000132	  ,               0.004844	
                0.007240	  ,               0.003572	
                0.025114	  ,               0.004521	
                0.017616	  ,               0.007522	
                0.028554	  ,               0.006644	
                0.030367	  ,               0.012548	
                0.028305	  ,               0.010353	
                0.026402	  ,               0.005437	
                0.021623	  ,               0.004920	
                0.020081	  ,               0.008990	
                0.011085	  ,               0.006474	
                0.003113	  ,               0.010731	
               -0.000133	  ,               0.005517	
                0.006098	  ,               0.000627	
                0.005056	  ,              -0.001069	
                0.004175	  ,              -0.000579	
                0.005991	  ,              -0.003150	
                0.011531	  ,              -0.008278	
                0.006077	  ,               0.002306	
                0.003835	  ,               0.003730	
                0.009392	  ,               0.002252	
                0.012963	  ,               0.005829	
                0.006438	  ,               0.004650	
                0.003856	  ,               0.007505	
                0.007580	  ,               0.004606	
                0.015389	  ,               0.010339	
                0.001752	  ,               0.006423	
                0.003687	  ,               0.006955	
                0.005463	  ,              -0.000039	
                0.007057	  ,               0.000753	
                0.003082	  ,               0.003260	
               -0.010689	  ,              -0.000498	
               -0.016170	  ,               0.001474	
               -0.017765	  ,              -0.002808	
               -0.022246	  ,              -0.006878	
               -0.026214	  ,              -0.013661	
               -0.014771	  ,              -0.005222	
               -0.010072	  ,              -0.004216	
               -0.002995	  ,              -0.005237	
               -0.001668	  ,              -0.006083	
               -0.002521	  ,              -0.003545	
                0.002883	  ,              -0.004210	
                0.002200	  ,              -0.002177	
                0.001513	  ,               0.003551	
               -0.000511	  ,               0.004195	
                0.004577	  ,               0.003465	
                0.006453	  ,               0.003943	
                0.007137	  ,              -0.001349	
                0.002568	  ,               0.000625	
                0.003252	  ,               0.003593	
               -0.004172	  ,               0.001807	
               -0.004996	  ,              -0.005089	
               -0.000229	  ,              -0.007926	
               -0.004256	  ,              -0.005505	
               -0.011000	  ,              -0.009341	
               -0.000498	  ,              -0.001659	
                0.003740	  ,              -0.004794	
               -0.002351	  ,              -0.007629	
                0.003398	  ,              -0.008629	
               -0.003740	  ,              -0.006600	
                0.002823	  ,              -0.010329	
               -0.006548	  ,              -0.006275	
               -0.007642	  ,              -0.001191	
               -0.001963	  ,              -0.002025	
                0.003375	  ,               0.006136	
                0.002609	  ,               0.009265	
                0.003525	  ,               0.010197	
                0.002901	  ,               0.014699	
                0.002254	  ,               0.020601	
                0.003963	  ,               0.022838	
                0.004475	  ,               0.030700	
                0.003956	  ,               0.038096	
               -0.002984	  ,               0.040975	
               -0.001983	  ,               0.035250	
               -0.004717	  ,               0.023984	
               -0.003902	  ,              -0.001143	
               -0.004619	  ,              -0.055507	
                0.001733	  ,              -0.047449	
                0.000799	  ,              -0.054277	
               -0.002998	  ,              -0.047549	
               -0.001033	  ,              -0.041488	
               -0.004130	  ,              -0.035931	
               -0.004700	  ,              -0.049990	
               -0.004263	  ,              -0.036460	
               -0.003315	  ,              -0.025800	
               -0.000342	  ,              -0.021545	
               -0.004323	  ,              -0.010372	
               -0.000825	  ,              -0.006854	
               -0.007783	  ,               0.002199	
               -0.004763	  ,               0.016118	
               -0.005650	  ,               0.038591	
               -0.003168	  ,               0.053542	
               -0.005410	  ,               0.056224	
               -0.003423	  ,               0.058527	
               -0.003962	  ,               0.033744	
               -0.001109	  ,               0.036885	
                0.001429	  ,               0.039771	
                0.002608	  ,               0.047932	
                0.001412	  ,               0.050469	
               -0.001134	  ,               0.061958	
               -0.004353	  ,               0.048104	
               -0.001489	  ,               0.027987	
               -0.004036	  ,               0.020265	
                0.001210	  ,               0.003439	
               -0.002496	  ,              -0.002792	
               -0.004520	  ,               0.016018	
               -0.010251	  ,               0.023704	
                0.001281	  ,               0.026346	
               -0.003751	  ,               0.024749	
                0.006977	  ,               0.015809	
                0.005690	  ,               0.004300	
               -0.003035	  ,              -0.003000	
                0.000240	  ,              -0.023491	
                0.005555	  ,              -0.044013	
                0.006472	  ,              -0.035633	
                0.014352	  ,              -0.037761	
                0.023922	  ,              -0.057863	
                0.020295	  ,              -0.071390	
                0.019364	  ,              -0.078488	
                0.024700	  ,              -0.084937	
                0.012611	  ,              -0.090893	
                0.007623	  ,              -0.081449	
                0.009241	  ,              -0.083039	
                0.007976	  ,              -0.066087	
                0.011805	  ,              -0.059512	
                0.019695	  ,              -0.041123	
                0.020798	  ,              -0.023958	
                0.006841	  ,              -0.026315	
               -0.003219	  ,              -0.016317	
               -0.016146	  ,              -0.003464	
               -0.014356	  ,               0.001452	
               -0.009710	  ,               0.002837	
               -0.008299	  ,               0.006790	
               -0.004509	  ,               0.000426	
                0.008098	  ,               0.017391	
               -0.007061	  ,               0.054463	
               -0.021223	  ,               0.080871	
               -0.011894	  ,               0.095085	
               -0.000017	  ,               0.125695	
                0.007645	  ,               0.153413	
                0.000756	  ,               0.178575	
               -0.000389	  ,               0.168542	
               -0.008130	  ,               0.147500	
               -0.013349	  ,               0.106124	
               -0.021794	  ,               0.029371	
               -0.013991	  ,              -0.002098	
               -0.006697	  ,              -0.087909	
               -0.009389	  ,              -0.168870	
               -0.008533	  ,              -0.159047	
               -0.004822	  ,              -0.131188	
               -0.002805	  ,              -0.140401	
               -0.004506	  ,              -0.133214	
               -0.010930	  ,              -0.069685	
               -0.003169	  ,              -0.061609	
               -0.002216	  ,              -0.069852	
               -0.003159	  ,              -0.077292	
               -0.011041	  ,              -0.058314	
               -0.020626	  ,              -0.005730	
               -0.014459	  ,               0.015202	
               -0.008970	  ,               0.021223	
               -0.001753	  ,               0.015007	
               -0.004514	  ,               0.030406	
                0.003202	  ,               0.034623	
               -0.008371	  ,               0.038529	
               -0.003887	  ,               0.049934	
                0.000076	  ,               0.046004	
                0.008785	  ,               0.029255	
                0.003099	  ,               0.031805	
                0.006019	  ,               0.023373	
                0.008574	  ,               0.005866	
                0.002498	  ,               0.016843	
                0.004529	  ,               0.039199	
               -0.006300	  ,               0.047922	
               -0.004948	  ,               0.034188	
                0.010108	  ,               0.026921	
                0.011990	  ,               0.029169	
                0.010026	  ,               0.023144	
                0.001480	  ,               0.025065	
               -0.000144	  ,               0.013285	
                0.012254	  ,              -0.003568	
                0.020615	  ,              -0.023845	
                0.009878	  ,              -0.031985	
               -0.005407	  ,              -0.014766	
                0.008764	  ,               0.000778	
                0.018036	  ,              -0.001229	
                0.024090	  ,               0.003263	
                0.012195	  ,               0.001533	
               -0.004774	  ,               0.003436	
               -0.002600	  ,               0.008306	
               -0.000549	  ,               0.007262	
               -0.002387	  ,               0.003823	
                0.002697	  ,               0.005085	
                0.007276	  ,               0.000030	
               -0.002352	  ,               0.002880	
               -0.003534	  ,               0.015799	
               -0.002511	  ,               0.036268	
               -0.003504	  ,               0.055413	
                0.004978	  ,               0.072678	
               -0.000568	  ,               0.066065	
               -0.007809	  ,               0.039541	
               -0.016221	  ,               0.006829	
               -0.003649	  ,              -0.023830	
                0.021770	  ,              -0.083702	
                0.032635	  ,              -0.143806	
                0.022881	  ,              -0.120133	
                0.020055	  ,              -0.055697	
                0.006388	  ,              -0.029497	
               -0.000856	  ,              -0.005794	
               -0.021140	  ,               0.030132	
               -0.023823	  ,               0.049822	
               -0.021440	  ,               0.055960	
               -0.014829	  ,               0.029774	
               -0.004655	  ,              -0.003669	
                0.000974	  ,              -0.016464	
               -0.004069	  ,              -0.019958	
                0.006605	  ,              -0.015994	
                0.010676	  ,              -0.005824	
                0.019481	  ,              -0.020410	
                0.016266	  ,              -0.033853	
                0.011010	  ,              -0.031280	
                0.006442	  ,              -0.037733	
                0.003925	  ,              -0.031529	
                0.000254	  ,              -0.018422	
               -0.010356	  ,              -0.016677	
               -0.033294	  ,               0.003285	
               -0.036444	  ,               0.027971	
               -0.027568	  ,               0.031193	
               -0.013779	  ,               0.040031	
               -0.026056	  ,               0.070249	
               -0.023804	  ,               0.090345	
               -0.021720	  ,               0.086923	
               -0.023526	  ,               0.063999	
               -0.015034	  ,               0.025009	
                0.001888	  ,              -0.012081	
                0.008506	  ,              -0.016718	
                0.006488	  ,              -0.056408	
                0.000904	  ,              -0.104393	
               -0.014346	  ,              -0.085065	
               -0.004266	  ,              -0.055768	
                0.004950	  ,              -0.029156	
                0.006540	  ,              -0.014734	
                0.004897	  ,              -0.010313	
                0.014411	  ,               0.009653	
                0.010563	  ,               0.006074	
                0.011453	  ,              -0.016972	
                0.016589	  ,              -0.025814	
                0.008042	  ,              -0.012163	
                0.013568	  ,               0.005003	
                0.008287	  ,               0.011457	
                0.005543	  ,               0.021370	
                0.011428	  ,               0.019163	
                0.012076	  ,               0.006874	
                0.004294	  ,              -0.001244	
                0.009550	  ,               0.010748	
                0.015971	  ,               0.018757	
                0.013424	  ,               0.010840	
                0.017123	  ,               0.012100	
                0.013519	  ,               0.013369	
                0.020401	  ,               0.016736	
                0.019491	  ,               0.009608	
                0.006549	  ,              -0.004274	
               -0.006562	  ,              -0.018374	
               -0.004952	  ,              -0.023926	
                0.005663	  ,              -0.035783	
                0.006966	  ,              -0.012818	
                0.008098	  ,               0.003549	
                0.004864	  ,               0.018356	
                0.007896	  ,               0.031953	
               -0.004273	  ,               0.044167	
               -0.022850	  ,               0.050594	
               -0.040048	  ,               0.060576	
               -0.037740	  ,               0.054848	
               -0.043703	  ,               0.053037	
               -0.026832	  ,               0.033016	
               -0.033304	  ,               0.002872	
               -0.035215	  ,              -0.033224	
               -0.025785	  ,              -0.076958	
               -0.010408	  ,              -0.094484	
               -0.004145	  ,              -0.089314	
               -0.002131	  ,              -0.055510	
                0.003120	  ,              -0.051085	
                0.010907	  ,              -0.054937	
                0.007020	  ,              -0.022104	
                0.013466	  ,              -0.000114	
                0.019245	  ,               0.003754	
                0.020434	  ,               0.007294	
                0.034270	  ,               0.010980	
                0.040807	  ,              -0.005469	
                0.041757	  ,              -0.002590	
                0.044056	  ,               0.005581	
                0.042133	  ,               0.012941	
                0.033940	  ,               0.024191	
                0.019160	  ,               0.026318	
                0.005078	  ,               0.028328	
               -0.007828	  ,               0.030147	
               -0.026335	  ,               0.047153	
               -0.028609	  ,               0.067527	
               -0.026318	  ,               0.092308	
               -0.024181	  ,               0.115408	
               -0.025956	  ,               0.130415	
               -0.027587	  ,               0.122437	
               -0.016880	  ,               0.085361	
                0.001266	  ,               0.005471	
               -0.005984	  ,              -0.051941	
                0.000628	  ,              -0.124746	
                0.010793	  ,              -0.190961	
                0.008952	  ,              -0.182276	
                0.007282	  ,              -0.127614	
                0.024208	  ,              -0.106297	
                0.026389	  ,              -0.061132	
                0.028365	  ,              -0.020187	
                0.007827	  ,              -0.004267	
                0.015861	  ,               0.010122	
                0.013398	  ,               0.014534	
               -0.002257	  ,               0.042467	
               -0.004396	  ,               0.060607	
               -0.013818	  ,               0.063882	
               -0.025777	  ,               0.072762	
               -0.039770	  ,               0.064707	
               -0.064091	  ,               0.042423	
               -0.061003	  ,               0.027567	
               -0.046245	  ,              -0.002535	
               -0.038238	  ,              -0.014387	
               -0.031084	  ,               0.018394	
               -0.019995	  ,               0.040316	
               -0.018026	  ,               0.036319	
               -0.012495	  ,               0.010816	
                0.002712	  ,              -0.012344	
               -0.003364	  ,              -0.045468	
                0.005967	  ,              -0.058769	
                0.011052	  ,              -0.054936	
                0.009517	  ,              -0.058532	
                0.013587	  ,              -0.048763	
                0.027453	  ,              -0.039969	
                0.044183	  ,              -0.026257	
                0.046366	  ,              -0.023884	
                0.032110	  ,              -0.012724	
                0.033927	  ,              -0.006648	
                0.025401	  ,              -0.001101	
                0.023799	  ,               0.014080	
                0.008492	  ,               0.012006	
               -0.005826	  ,              -0.008511	
               -0.007836	  ,               0.005139	
                0.000444	  ,               0.017429	
                0.001781	  ,               0.023967	
               -0.008029	  ,               0.025943	
               -0.016987	  ,               0.024049	
               -0.009352	  ,               0.005413	
                0.002017	  ,              -0.006969	
                0.006462	  ,              -0.009213	
                0.002293	  ,              -0.007244	
                0.005914	  ,               0.001959	
                0.009040	  ,               0.006878	
                0.003717	  ,               0.011227	
               -0.006693	  ,               0.026206	
               -0.010844	  ,               0.040145	
               -0.009727	  ,               0.041739	
                0.007297	  ,               0.033072	
                0.019585	  ,               0.012988	
                0.012934	  ,              -0.006188	
                0.010857	  ,              -0.008574	
                0.012693	  ,              -0.010726	
                0.010972	  ,              -0.016749	
                0.015524	  ,              -0.011086	
                0.014163	  ,              -0.016073	
                0.005350	  ,              -0.023582	
                0.004328	  ,              -0.008264	
               -0.000945	  ,               0.001968	
               -0.013164	  ,               0.003915	
               -0.014891	  ,               0.009053	
               -0.016448	  ,               0.004528	
               -0.006826	  ,               0.008630	
               -0.020698	  ,               0.007475	
               -0.026278	  ,               0.008498	
               -0.024575	  ,               0.003281	
               -0.032187	  ,               0.004179	
               -0.036270	  ,              -0.001700	
               -0.035123	  ,              -0.002372	
               -0.018069	  ,              -0.003062	
               -0.000842	  ,              -0.002579	
               -0.012027	  ,               0.001469	
               -0.005993	  ,              -0.002076	
                0.003223	  ,               0.000132	
                0.001441	  ,               0.000477	
                0.015243	  ,               0.002983	
                0.013310	  ,               0.004637	
                0.021733	  ,               0.003576	
                0.018029	  ,               0.006090	
                0.010514	  ,               0.004752	
                0.017575	  ,               0.005487	
                0.029025	  ,               0.006312	
                0.030627	  ,               0.003354	
                0.021083	  ,              -0.003295	
                0.002243	  ,              -0.012510	
               -0.005776	  ,              -0.021090	
               -0.008061	  ,              -0.019877	
               -0.005770	  ,              -0.012412	
               -0.003646	  ,              -0.007681	
               -0.005403	  ,              -0.006699	
               -0.003571	  ,              -0.002860	
                0.001160	  ,              -0.000720	
                0.008231	  ,              -0.006357	
                0.012080	  ,              -0.006909	
                0.015403	  ,              -0.006094	
                0.003995	  ,              -0.007651	
               -0.000471	  ,               0.001276	
               -0.001708	  ,               0.010205	
                0.002139	  ,               0.004745	
               -0.003297	  ,               0.018541	
               -0.016837	  ,               0.005595	
               -0.022265	  ,               0.003965	
               -0.020415	  ,               0.002515	
               -0.021787	  ,              -0.001469	
               -0.017594	  ,              -0.000210	
               -0.016267	  ,               0.007652	
                0.000957	  ,               0.004673	
                0.008338	  ,              -0.003721	
                0.006216	  ,              -0.002626	
                0.004275	  ,              -0.007790	
                0.009955	  ,              -0.016165	
                0.015126	  ,              -0.019287	
                0.022833	  ,              -0.003474	
                0.024291	  ,               0.007756	
                0.035720	  ,               0.001716	
                0.046488	  ,               0.003606	
                0.050643	  ,               0.012062	
                0.044465	  ,               0.013579	
                0.027442	  ,               0.009494	
                0.020227	  ,               0.005734	
                0.035863	  ,               0.008905	
                0.042015	  ,               0.016129	
                0.032725	  ,               0.030126	
                0.014141	  ,               0.060710	
                0.011824	  ,               0.065069	
               -0.021827	  ,               0.061141	
               -0.065460	  ,               0.043003	
               -0.106405	  ,               0.013180	
               -0.111664	  ,              -0.014783	
               -0.087502	  ,              -0.062186	
               -0.056761	  ,              -0.120577	
               -0.060681	  ,              -0.128395	
               -0.049872	  ,              -0.078691	
               -0.026899	  ,              -0.033581	
               -0.006150	  ,              -0.016240	
               -0.008944	  ,              -0.011087	
               -0.006693	  ,               0.003209	
               -0.000229	  ,               0.007532	
               -0.010498	  ,               0.011365	
               -0.016180	  ,               0.014861	
                0.005680	  ,               0.011568	
                0.014338	  ,               0.008598	
                0.027890	  ,               0.000374	
                0.030114	  ,               0.002613	
                0.018790	  ,               0.009073	
                0.008488	  ,               0.006894	
                0.006471	  ,               0.004863	
                0.004620	  ,               0.009757	
               -0.000125	  ,               0.001959	
                0.001049	  ,               0.000419	
               -0.002865	  ,              -0.005987	
                0.002518	  ,              -0.007129	
                0.011773	  ,              -0.006211	
                0.005306	  ,              -0.003615	
                0.004094	  ,               0.004041	
                0.017617	  ,               0.002888	
                0.030456	  ,               0.001916	
                0.015065	  ,               0.005983	
                0.000713	  ,               0.000553	
                0.002453	  ,              -0.004563	
                0.004033	  ,              -0.003076	
                0.002404	  ,               0.005536	
                0.000947	  ,               0.009129	
               -0.010487	  ,               0.016847	
                0.003277	  ,               0.026304	
                0.008748	  ,               0.020076	
                0.017085	  ,               0.021149	
                0.018484	  ,               0.022233	
                0.014289	  ,               0.017720	
                0.022925	  ,               0.015223	
                0.035283	  ,               0.006811	
                0.019910	  ,              -0.005658	
               -0.002748	  ,              -0.003881	
                0.011944	  ,              -0.008313	
                0.009037	  ,              -0.009532	
                0.006471	  ,              -0.003160	
                0.004059	  ,              -0.006302	
               -0.002228	  ,              -0.015780	
               -0.004249	  ,              -0.022105	
               -0.019388	  ,              -0.015768	
               -0.027842	  ,              -0.019118	
               -0.023194	  ,              -0.003532	
               -0.019045	  ,               0.007503	
               -0.015227	  ,               0.005427	
               -0.002585	  ,              -0.003832	
                0.002658	  ,              -0.005442	
               -0.007835	  ,              -0.009903	
               -0.020167	  ,              -0.005725	
               -0.001348	  ,               0.008281	
                0.001206	  ,               0.017736	
                0.007966	  ,               0.019595	
                0.002068	  ,               0.027353	
                0.007868	  ,               0.026096	
               -0.000356	  ,               0.027357	
               -0.007737	  ,               0.033027	
               -0.008897	  ,               0.036176	
                0.002614	  ,               0.033583	
                0.004298	  ,               0.020851	
                0.008493	  ,              -0.003163	
                0.004885	  ,              -0.025958	
                0.015311	  ,              -0.040597	
                0.011370	  ,              -0.026643	
                0.005233	  ,              -0.014069	
               -0.000232	  ,              -0.002684	
                0.007154	  ,              -0.004487	
                0.004576	  ,               0.016227	
               -0.006462	  ,               0.024584	
               -0.020196	  ,               0.037114	
               -0.021943	  ,               0.026101	
               -0.016758	  ,               0.007774	
               -0.012053	  ,              -0.024453	
               -0.007865	  ,              -0.046373	
               -0.001492	  ,              -0.058161	
                0.006421	  ,              -0.076204	
                0.013839	  ,              -0.072934	
                0.011282	  ,              -0.057984	
                0.010570	  ,              -0.033228	
                0.014457	  ,              -0.016749	
                0.009709	  ,              -0.013791	
                0.011543	  ,              -0.005605	
                0.019287	  ,              -0.017902	
                0.033103	  ,              -0.033435	
                0.023885	  ,              -0.010922	
                0.022254	  ,               0.003954	
                0.017741	  ,               0.023039	
               -0.003024	  ,               0.055313	
               -0.023785	  ,               0.068465	
               -0.042863	  ,               0.064527	
               -0.050128	  ,               0.068015	
               -0.052329	  ,               0.051525	
               -0.033896	  ,               0.054316	
               -0.011582	  ,               0.040524	
               -0.002791	  ,               0.013201	
               -0.010916	  ,               0.002294	
               -0.003630	  ,              -0.007608	
               -0.010213	  ,              -0.004837	
               -0.016293	  ,              -0.013071	
                0.000444	  ,              -0.020471	
                0.015980	  ,              -0.027191	
                0.009869	  ,              -0.013098	
               -0.003187	  ,               0.014694	
               -0.008278	  ,               0.018454	
               -0.006788	  ,               0.007496	
                0.008404	  ,              -0.002455	
                0.010385	  ,              -0.011396	
                0.015905	  ,              -0.019671	
                0.027674	  ,              -0.047070	
                0.032166	  ,              -0.065355	
                0.030729	  ,              -0.075373	
                0.014224	  ,              -0.066794	
                0.011924	  ,              -0.036929	
                0.013863	  ,              -0.025326	
                0.008176	  ,              -0.021994	
               -0.007157	  ,              -0.025412	
               -0.001180	  ,              -0.016802	
               -0.006866	  ,               0.018710	
               -0.005282	  ,               0.032925	
               -0.013024	  ,               0.045957	
               -0.028382	  ,               0.049687	
               -0.018378	  ,               0.045962	
               -0.009210	  ,               0.049001	
               -0.021178	  ,               0.033927	
               -0.031944	  ,               0.025628	
               -0.022411	  ,               0.013114	
               -0.008633	  ,               0.001789	
               -0.025461	  ,              -0.012557	
               -0.018947	  ,              -0.025697	
               -0.012938	  ,              -0.020690	
               -0.003710	  ,              -0.016170	
                0.008052	  ,              -0.009276	
                0.009494	  ,              -0.008120	
                0.008068	  ,               0.006739	
                0.016793	  ,               0.012807	
                0.015704	  ,               0.010938	
                0.006153	  ,               0.012652	
                0.007249	  ,               0.008121	
                0.017468	  ,               0.009534	
                0.018718	  ,               0.013303	
                0.009814	  ,               0.014344	
                0.010737	  ,               0.011311	
                0.006942	  ,               0.012990	
                0.007920	  ,               0.006538	
               -0.002409	  ,               0.003962	
                0.001657	  ,               0.001694	
                0.002841	  ,               0.002303	
                0.006064	  ,               0.002739	
                0.007078	  ,              -0.000196	
                0.009781	  ,              -0.001766	
                0.010643	  ,              -0.000617	
               -0.000828	  ,              -0.000968	
                0.000886	  ,              -0.003493	
               -0.000614	  ,              -0.006669	
                0.000757	  ,              -0.008649	
                0.001952	  ,              -0.005052	
                0.005181	  ,              -0.003831	
                0.008236	  ,               0.000938	
                0.009093	  ,               0.002657	
                0.011661	  ,              -0.004950	
                0.006431	  ,               0.004539	
                0.000003	  ,              -0.001698	
                0.000820	  ,               0.001561	
               -0.004459	  ,               0.002651	
               -0.006530	  ,               0.000046	
               -0.009610	  ,              -0.002370	
               -0.009125	  ,              -0.001555	
               -0.001358	  ,               0.000644	
               -0.004582	  ,               0.002552	
                0.004882	  ,              -0.000113	
                0.003705	  ,              -0.007694	
                0.000482	  ,              -0.010731	
               -0.006776	  ,              -0.015822	
               -0.002174	  ,              -0.014841	
               -0.008053	  ,              -0.008815	
               -0.011708	  ,              -0.003485	
               -0.012283	  ,               0.005887	
               -0.012654	  ,              -0.000310	
               -0.011999	  ,               0.002944	
               -0.011319	  ,               0.003994	
               -0.006914	  ,               0.003197	
               -0.007245	  ,              -0.000971	
               -0.001313	  ,              -0.006157	
               -0.006373	  ,               0.003210	
               -0.004172	  ,              -0.005510	
                0.000216	  ,              -0.004420	
               -0.000138	  ,              -0.005367	
               -0.002546	  ,               0.001128	
                0.000618	  ,               0.002029	
               -0.000445	  ,               0.004281	
               -0.000674	  ,               0.002293	
               -0.000899	  ,               0.005369	
                0.000911	  ,               0.002516	
                0.000333	  ,               0.006084	
                0.003808	  ,               0.003038	
                0.005075	  ,               0.005070	
                0.010735	  ,               0.004051	
                0.011490	  ,              -0.000523	
                0.009531	  ,              -0.004771	
                0.006532	  ,              -0.011225	
                0.008253	  ,              -0.008708	
                0.000472	  ,              -0.003479	
                0.003654	  ,              -0.007044	
                0.010883	  ,              -0.005359	
                0.015386	  ,              -0.001292	
                0.016171	  ,               0.002296	
                0.013924	  ,               0.007381	
                0.003235	  ,               0.013807	
                0.010808	  ,               0.007862	
                0.012136	  ,               0.011548	
                0.015844	  ,               0.013542	
                0.014812	  ,               0.017748	
                0.015822	  ,               0.008936	
                0.005488	  ,               0.000136	
               -0.009786	  ,              -0.010187	
               -0.007823	  ,              -0.019831	
               -0.009744	  ,              -0.028631	
               -0.004732	  ,              -0.018314	
               -0.015445	  ,              -0.011363	
               -0.005826	  ,              -0.002519	
               -0.009512	  ,               0.000732	
               -0.010474	  ,               0.003798	
               -0.015669	  ,               0.004660	
               -0.027795	  ,               0.005498	
               -0.032821	  ,               0.004819	
               -0.037312	  ,              -0.000099	
               -0.041301	  ,               0.005633	
               -0.040063	  ,               0.003389	
               -0.027494	  ,              -0.000224	
               -0.015615	  ,              -0.003326	
               -0.007959	  ,               0.003021	
               -0.009248	  ,               0.000393	
               -0.000376	  ,              -0.001907	
                0.010016	  ,              -0.001341	
                0.008725	  ,              -0.001936	
                0.015034	  ,              -0.003672	
                0.018274	  ,              -0.002179	
                0.017264	  ,              -0.002531	
                0.018086	  ,               0.003047	
                0.005184	  ,               0.005256	
               -0.000481	  ,               0.004606	
                0.007870	  ,               0.005125	
                0.009285	  ,               0.007999	
                0.006474	  ,               0.001378	
                0.010409	  ,               0.001860	
                0.006571	  ,               0.001495	
                0.009672	  ,               0.007875	
                0.021080	  ,               0.006965	
                0.025582	  ,               0.000967	
                0.035154	  ,              -0.002836	
                0.038780	  ,              -0.004933	
                0.037680	  ,              -0.009211	
                0.038578	  ,              -0.018034	
                0.026250	  ,              -0.031906	
                0.010876	  ,              -0.007707	
               -0.003448	  ,               0.002118	
               -0.001656	  ,               0.017025	
               -0.013554	  ,               0.019742	
               -0.021250	  ,               0.012476	
               -0.022624	  ,               0.005882	
               -0.031404	  ,              -0.004244	
               -0.021062	  ,              -0.009810	
               -0.000253	  ,              -0.008119	
                0.008544	  ,              -0.009650	
                0.000439	  ,              -0.008296	
                0.002822	  ,              -0.007103	
                0.000634	  ,              -0.014874	
               -0.021846	  ,              -0.030595	
               -0.048896	  ,              -0.019393	
               -0.052446	  ,              -0.009167	
               -0.042620	  ,              -0.003491	
               -0.039738	  ,               0.011819	
               -0.026030	  ,               0.009879	
               -0.038362	  ,               0.019289	
               -0.027157	  ,               0.024466	
               -0.008650	  ,               0.038437	
               -0.001323	  ,               0.036672	
                0.009885	  ,               0.028313	
                0.007903	  ,               0.036019	
               -0.001381	  ,               0.032046	
               -0.006440	  ,               0.028403	
                0.001197	  ,               0.025265	
                0.005293	  ,               0.009599	
                0.014111	  ,              -0.024001	
                0.029040	  ,              -0.028672	
                0.035194	  ,              -0.033013	
                0.044612	  ,              -0.029080	
                0.049813	  ,              -0.032595	
                0.060606	  ,              -0.035783	
                0.062086	  ,              -0.020873	
                0.048312	  ,              -0.007167	
                0.035359	  ,               0.005176	
                0.037126	  ,               0.007363	
                0.023325	  ,               0.005305	
                0.014062	  ,               0.018292	
               -0.001130	  ,               0.023322	
               -0.023613	  ,               0.024800	
               -0.020710	  ,               0.020697	
               -0.006991	  ,               0.006768	
               -0.014260	  ,              -0.002605	
                0.001286	  ,              -0.011156	
                0.019678	  ,              -0.025148	
                0.017254	  ,              -0.023458	
               -0.007513	  ,              -0.018643	
               -0.037395	  ,              -0.017431	
               -0.041422	  ,              -0.005226	
               -0.023473	  ,              -0.000471	
               -0.053382	  ,              -0.002291	
               -0.065331	  ,              -0.012241	
               -0.054615	  ,              -0.006273	
               -0.031707	  ,               0.006035	
               -0.023017	  ,               0.004205	
               -0.031223	  ,              -0.006581	
               -0.028906	  ,              -0.013603	
               -0.013407	  ,              -0.012465	
               -0.011473	  ,              -0.009268	
                0.001463	  ,              -0.012303	
                0.009823	  ,              -0.026343	
                0.011215	  ,              -0.024315	
                0.018015	  ,              -0.011231	
                0.019066	  ,              -0.009348	
                0.011142	  ,              -0.016674	
               -0.004741	  ,              -0.009442	
               -0.016060	  ,              -0.005454	
                0.002209	  ,              -0.004203	
                0.014409	  ,              -0.000963	
                0.016459	  ,               0.001897	
                0.042876	  ,               0.004522	
                0.046310	  ,               0.008284	
                0.036394	  ,               0.011852	
                0.021443	  ,               0.014887	
                0.029541	  ,               0.013159	
                0.012284	  ,               0.009556	
               -0.008016	  ,               0.012561	
               -0.038133	  ,               0.018979	
               -0.041996	  ,               0.018159	
               -0.045505	  ,               0.020775	
               -0.035671	  ,               0.020303	
               -0.020773	  ,               0.026990	
               -0.007059	  ,               0.024721	
               -0.004672	  ,               0.021246	
               -0.002456	  ,               0.025048	
                0.011770	  ,               0.019524	
                0.013631	  ,               0.017512	
                0.016837	  ,               0.010237	
                0.004987	  ,               0.006857	
                0.012576	  ,               0.010080	
                0.013889	  ,               0.008492	
                0.022652	  ,               0.016322	
                0.030426	  ,               0.026638	
                0.020954	  ,               0.047423	
                0.017252	  ,               0.086475	
                0.025063	  ,               0.091678	
                0.024085	  ,               0.086933	
                0.019533	  ,               0.073754	
                0.006671	  ,               0.045872	
               -0.017514	  ,               0.035068	
               -0.014263	  ,               0.005345	
               -0.017111	  ,              -0.054601	
               -0.008962	  ,              -0.097566	
               -0.011268	  ,              -0.089591	
               -0.017771	  ,              -0.096505	
               -0.003453	  ,              -0.102790	
                0.009675	  ,              -0.096893	
                0.004704	  ,              -0.091494	
                0.006346	  ,              -0.067116	
                0.013407	  ,              -0.053722	
                0.004743	  ,              -0.065414	
                0.008099	  ,              -0.119969	
                0.023986	  ,              -0.143240	
                0.030730	  ,              -0.107659	
                0.036952	  ,              -0.062458	
                0.035210	  ,              -0.021506	
                0.023466	  ,               0.015718	
                0.028110	  ,               0.049564	
                0.018547	  ,               0.080346	
                0.002227	  ,               0.092170	
               -0.013265	  ,               0.095691	
               -0.043803	  ,               0.092431	
               -0.065729	  ,               0.089525	
               -0.061800	  ,               0.081360	
               -0.050964	  ,               0.054063	
               -0.034552	  ,               0.013910	
               -0.043370	  ,              -0.002075	
               -0.046119	  ,              -0.026350	
               -0.023864	  ,              -0.083782	
               -0.015143	  ,              -0.091634	
               -0.012520	  ,              -0.070394	
               -0.019863	  ,              -0.025340	
               -0.026512	  ,              -0.008056	
               -0.028575	  ,               0.018342	
               -0.011871	  ,               0.042344	
               -0.009720	  ,               0.046530	
               -0.007713	  ,               0.042416	
                0.001577	  ,               0.031375	
                0.010013	  ,               0.067563	
                0.017580	  ,               0.081779	
                0.016179	  ,               0.086016	
                0.012399	  ,               0.074004	
                0.015547	  ,               0.055750	
                0.020723	  ,               0.045757	
                0.014218	  ,               0.018504	
                0.016680	  ,               0.000218	
                0.020315	  ,              -0.009796	
                0.019542	  ,              -0.001227	
                0.016397	  ,              -0.020604	
                0.013436	  ,              -0.058101	
                0.016903	  ,              -0.095596	
                0.011738	  ,              -0.091153	
                0.010972	  ,              -0.069489	
                0.010389	  ,              -0.033786	
                0.012019	  ,              -0.038797	
                0.013483	  ,              -0.043455	
                0.011238	  ,              -0.055536	
                0.007304	  ,              -0.052179	
                0.005739	  ,              -0.015991	
               -0.001236	  ,               0.017688	
               -0.012776	  ,               0.021981	
               -0.008256	  ,               0.033747	
               -0.004241	  ,               0.037193	
               -0.005469	  ,               0.033890	
               -0.004505	  ,               0.031019	
                0.000689	  ,               0.017405	
                0.005183	  ,               0.019916	
               -0.000820	  ,               0.017873	
                0.004344	  ,               0.016033	
                0.002240	  ,               0.014358	
                0.000500	  ,              -0.004111	
                0.000957	  ,              -0.001646	
                0.001394	  ,               0.000609	
                0.001681	  ,              -0.009484	
               -0.000364	  ,              -0.003862	
               -0.001333	  ,              -0.008912	
                0.004015	  ,              -0.010454	
                0.004792	  ,              -0.025726	
                0.011320	  ,              -0.023733	
                0.008909	  ,              -0.003332	
                0.005323	  ,               0.010342	
               -0.002326	  ,               0.012736	
                0.003049	  ,               0.019408	
                0.002328	  ,               0.025581	
               -0.010384	  ,               0.020112	
               -0.019527	  ,               0.005012	
               -0.014276	  ,              -0.021427	
               -0.009528	  ,              -0.032141	
               -0.006298	  ,              -0.025969	
               -0.002054	  ,              -0.016067	
                0.001858	  ,              -0.018862	
                0.001015	  ,               0.005904	
               -0.004076	  ,               0.015741	
               -0.010366	  ,               0.024538	
               -0.000773	  ,               0.021801	
                0.000509	  ,               0.019369	
               -0.002622	  ,               0.021486	
               -0.018274	  ,               0.011262	
               -0.024806	  ,               0.001922	
               -0.010538	  ,               0.000223	
               -0.004909	  ,               0.001719	
               -0.003164	  ,               0.000328	
               -0.007701	  ,              -0.003419	
               -0.006328	  ,               0.006922	
               -0.000071	  ,               0.013954	
                0.007700	  ,               0.010373	
                0.004650	  ,               0.023037	
                0.005491	  ,               0.031640	
                0.008017	  ,               0.014871	
                0.010212	  ,              -0.000513	
                0.010877	  ,               0.005803	
                0.017797	  ,               0.004181	
                0.020517	  ,              -0.014211	
                0.017996	  ,              -0.026386	
                0.024940	  ,              -0.028438	
                0.018531	  ,              -0.014115	
                0.016016	  ,              -0.023325	
                0.004532	  ,              -0.014790	
               -0.017457	  ,               0.005234	
               -0.014561	  ,               0.013418	
               -0.006417	  ,               0.015846	
               -0.013663	  ,              -0.004428	
               -0.015837	  ,              -0.012525	
               -0.030024	  ,              -0.024840	
               -0.039298	  ,              -0.018217	
               -0.024060	  ,              -0.003985	
               -0.009877	  ,              -0.016986	
               -0.004363	  ,              -0.011884	
                0.000612	  ,              -0.019475	
                0.008112	  ,              -0.020779	
                0.006618	  ,              -0.011924	
                0.010199	  ,              -0.001556	
               -0.000240	  ,              -0.005611	
                0.000996	  ,              -0.001934	
               -0.005360	  ,              -0.003010	
               -0.006458	  ,              -0.006133	
               -0.003499	  ,               0.004086	
               -0.000911	  ,               0.010913	
               -0.005262	  ,               0.012028	
                0.001589	  ,               0.008825	
                0.006074	  ,               0.016113	
                0.010214	  ,               0.011559	
                0.017063	  ,               0.019393	
                0.017839	  ,               0.020512	
                0.018635	  ,               0.021502	
                0.013397	  ,               0.013898	
                0.012800	  ,              -0.001686	
                0.007221	  ,              -0.021854	
                0.006794	  ,              -0.013644	
               -0.002262	  ,              -0.006298	
                0.004227	  ,               0.009324	
                0.005455	  ,               0.007351	
                0.012936	  ,              -0.009361	
                0.012263	  ,              -0.029667	
                0.002931	  ,              -0.021570	
               -0.003207	  ,              -0.014325	
               -0.004097	  ,              -0.003193	
               -0.011254	  ,               0.002869	
               -0.010296	  ,              -0.010185	
               -0.012693	  ,              -0.018687	
               -0.024045	  ,              -0.001817	
               -0.018801	  ,               0.018447	
               -0.011023	  ,               0.021138	
               -0.014923	  ,               0.028388	
               -0.011069	  ,               0.021760	
               -0.005343	  ,               0.023765	
                0.002063	  ,               0.021885	
               -0.006249	  ,               0.010027	
               -0.009318	  ,               0.005484	
               -0.010239	  ,               0.012481	
               -0.005600	  ,               0.011389	
               -0.002977	  ,               0.001196	
               -0.005087	  ,              -0.000031	
                0.005659	  ,               0.003801	
                0.028747	  ,              -0.001676	
                0.051827	  ,              -0.004612	
                0.060708	  ,              -0.007225	
                0.058097	  ,              -0.020013	
                0.060554	  ,              -0.010649	
                0.045077	  ,               0.001220	
                0.018609	  ,               0.024242	
                0.015125	  ,               0.047244	
               -0.001231	  ,               0.044357	
               -0.016083	  ,               0.036223	
               -0.013355	  ,               0.028950	
                0.013894	  ,               0.013371	
                0.017451	  ,              -0.017268	
               -0.005560	  ,              -0.057010	
               -0.002708	  ,              -0.041057	
                0.003169	  ,              -0.033545	
                0.000413	  ,              -0.038236	
               -0.012003	  ,              -0.060198	
               -0.023247	  ,              -0.072040	
               -0.045839	  ,              -0.082880	
               -0.078934	  ,              -0.053136	
               -0.118811	  ,              -0.033206	
               -0.145523	  ,              -0.007866	
               -0.111846	  ,               0.001880	
               -0.063471	  ,               0.010572	
               -0.031334	  ,               0.013157	
               -0.014091	  ,               0.025394	
                0.012297	  ,               0.045585	
                0.036324	  ,               0.053592	
                0.049338	  ,               0.051086	
                0.045262	  ,               0.039764	
                0.041509	  ,               0.033532	
                0.038081	  ,               0.027823	
                0.017050	  ,               0.019264	
                0.008693	  ,               0.008547	
               -0.003891	  ,               0.004469	
                0.002471	  ,              -0.009401	
                0.004257	  ,              -0.011240	
                0.017066	  ,              -0.006165	
                0.008411	  ,              -0.004662	
                0.006690	  ,               0.004944	
               -0.006020	  ,               0.001143	
               -0.011277	  ,              -0.016061	
                0.011545	  ,              -0.023467	
                0.027765	  ,              -0.034802	
                0.018783	  ,              -0.049205	
                0.010481	  ,              -0.051250	
                0.007938	  ,              -0.032817	
                0.005573	  ,              -0.025725	
                0.007432	  ,              -0.014743	
                0.009137	  ,               0.007570	
                0.007320	  ,               0.016198	
                0.008748	  ,               0.024167	
                0.007292	  ,               0.036355	
                0.000916	  ,               0.038397	
                0.006389	  ,               0.048414	
                0.009318	  ,               0.046460	
                0.006467	  ,               0.034562	
                0.007177	  ,               0.017619	
                0.001784	  ,               0.019768	
                0.000956	  ,               0.013597	
                0.001319	  ,              -0.006969	
                0.007648	  ,              -0.031784	
                0.010110	  ,              -0.041715	
                0.007809	  ,              -0.026969	
                0.011267	  ,              -0.013372	
                0.009489	  ,              -0.001107	
                0.011096	  ,               0.005415	
                0.007467	  ,               0.007360	
                0.006220	  ,               0.001701	
                0.010894	  ,              -0.006816	
                0.001377	  ,               0.000782	
                0.002722	  ,               0.013327	
               -0.006056	  ,               0.025232	
               -0.011551	  ,               0.017698	
               -0.016647	  ,               0.016447	
               -0.022873	  ,               0.010288	
               -0.009784	  ,               0.011421	
               -0.011398	  ,               0.010520	
               -0.009445	  ,               0.004162	
               -0.004615	  ,              -0.001736	
               -0.000313	  ,              -0.013264	
                0.003647	  ,              -0.035312	
                0.002871	  ,              -0.062465	
                0.002058	  ,              -0.066137	
                0.003091	  ,              -0.056469	
               -0.007891	  ,              -0.023648	
               -0.012283	  ,              -0.010651	
               -0.008060	  ,               0.000980	
               -0.006690	  ,               0.018885	
               -0.005509	  ,               0.035084	
                0.001957	  ,               0.031995	
                0.001299	  ,               0.039898	
                0.000648	  ,               0.042041	
                0.001571	  ,               0.030641	
                0.002502	  ,               0.016203	
                0.002233	  ,               0.010394	
                0.006519	  ,               0.008487	
                0.005200	  ,               0.009840	
               -0.001563	  ,              -0.005498	
               -0.010872	  ,              -0.015700	
               -0.004453	  ,              -0.006395	
               -0.001073	  ,              -0.011431	
               -0.008194	  ,              -0.015937	
               -0.012625	  ,              -0.028391	
               -0.004731	  ,              -0.033391	
               -0.005646	  ,              -0.037873	
                0.002922	  ,              -0.022579	
                0.006219	  ,              -0.008291	
                0.013572	  ,              -0.002621	
                0.007210	  ,               0.002563	
               -0.000523	  ,              -0.007975	
                0.011028	  ,              -0.003786	
                0.015643	  ,              -0.002442	
                0.019723	  ,              -0.001240	
                0.020923	  ,               0.002048	
                0.014660	  ,               0.007245	
                0.009061	  ,               0.008420	
                0.008019	  ,               0.006222	
               -0.004215	  ,               0.007245	
               -0.022875	  ,              -0.000185	
               -0.020559	  ,              -0.005080	
               -0.014033	  ,              -0.007417	
               -0.003961	  ,              -0.016498	
               -0.009640	  ,              -0.012378	
               -0.011435	  ,              -0.017564	
               -0.003941	  ,              -0.005671	
               -0.002707	  ,               0.017713	
               -0.003995	  ,               0.034493	
               -0.000882	  ,               0.043660	
               -0.008258	  ,               0.046719	
               -0.014786	  ,               0.049439	
               -0.005415	  ,               0.051971	
               -0.001791	  ,               0.050258	
               -0.005112	  ,               0.052425	
                0.004249	  ,               0.054426	
                0.010392	  ,               0.053226	
               -0.000049	  ,               0.038339	
                0.003878	  ,               0.040712	
               -0.015191	  ,               0.039185	
               -0.018011	  ,               0.031054	
               -0.020493	  ,               0.020718	
               -0.036159	  ,               0.022355	
               -0.030168	  ,               0.011290	
               -0.024677	  ,               0.006954	
               -0.019687	  ,               0.005793	
               -0.005904	  ,              -0.007928	
                0.010754	  ,              -0.031999	
                0.012858	  ,              -0.054908	
                0.010733	  ,              -0.063622	
                0.001325	  ,              -0.071687	
                0.006291	  ,              -0.069290	
                0.010757	  ,              -0.053694	
                0.017594	  ,              -0.051640	
                0.021218	  ,              -0.046049	
                0.008618	  ,              -0.030844	
                0.017019	  ,              -0.036968	
                0.012386	  ,              -0.042606	
                0.010973	  ,              -0.040973	
                0.014629	  ,              -0.036466	
                0.008984	  ,              -0.037907	
                0.005878	  ,              -0.049346	
                0.016142	  ,              -0.044917	
                0.009178	  ,              -0.046422	
                0.015429	  ,              -0.045409	
                0.012206	  ,              -0.042381	
                0.011182	  ,              -0.026849	
                0.017594	  ,              -0.015901	
                0.006400	  ,              -0.010054	
                0.001799	  ,              -0.001010	
                0.003117	  ,               0.000407	
                0.001892	  ,               0.001644	
                0.005074	  ,               0.008282	
                0.002021	  ,               0.009178	
                0.006603	  ,               0.014443	
                0.002388	  ,               0.021393	
               -0.002828	  ,               0.025612	
               -0.006328	  ,               0.024445	
               -0.005769	  ,               0.031083	
               -0.006212	  ,               0.026227	
               -0.004620	  ,               0.030153	
               -0.007609	  ,               0.029166	
               -0.004671	  ,               0.025289	
               -0.004248	  ,               0.026619	
               -0.003811	  ,               0.027905	
               -0.006757	  ,               0.033216	
               -0.000899	  ,               0.029038	
               -0.005028	  ,               0.029240	
               -0.008666	  ,               0.028250	
               -0.006555	  ,               0.022536	
               -0.008178	  ,               0.024127	
               -0.009788	  ,               0.016786	
               -0.013260	  ,               0.020989	
               -0.014370	  ,               0.018163	
               -0.008689	  ,               0.017233	
               -0.006390	  ,               0.017716	
                0.001490	  ,               0.013319	
                0.000588	  ,               0.007931	
                0.003417	  ,               0.002920	
                0.004382	  ,               0.002331	
                0.005165	  ,              -0.005336	
                0.007287	  ,              -0.012649	
                0.004341	  ,              -0.013504	
               -0.004348	  ,              -0.009240	
               -0.010503	  ,              -0.008469	
               -0.000092	  ,              -0.003429	
                0.004039	  ,              -0.000219	
                0.010362	  ,              -0.002937	
                0.011428	  ,               0.005002	
                0.006228	  ,               0.004152	
               -0.000153	  ,               0.005352	
               -0.007897	  ,               0.002852	
               -0.015139	  ,               0.002192	
               -0.008688	  ,               0.000179	
               -0.006153	  ,              -0.001672	
               -0.002437	  ,              -0.000975	
                0.005337	  ,               0.003253	
                0.009208	  ,               0.000194	
                0.006135	  ,              -0.001188	
                0.005241	  ,              -0.007970	
                0.007731	  ,              -0.008813	
                0.002442	  ,              -0.020845	
               -0.001143	  ,              -0.008864	
                0.000509	  ,              -0.004134	
               -0.003592	  ,               0.005717	
               -0.009395	  ,              -0.007890	
               -0.002506	  ,              -0.013117	
               -0.007120	  ,              -0.014418	
               -0.004621	  ,              -0.006442	
                0.003806	  ,              -0.007473	
                0.000568	  ,              -0.003503	
               -0.004707	  ,               0.013755	
               -0.007432	  ,               0.031129	
               -0.006599	  ,               0.042372	
               -0.002889	  ,               0.040382	
                0.004903	  ,               0.038547	
                0.007956	  ,               0.026723	
                0.010652	  ,               0.016089	
                0.008076	  ,              -0.004700	
               -0.000422	  ,              -0.025483	
                0.002761	  ,              -0.044561	
                0.001703	  ,              -0.071704	
               -0.004764	  ,              -0.075071	
                0.001124	  ,              -0.084674	
                0.006333	  ,              -0.069584	
                0.004279	  ,              -0.061323	
                0.002585	  ,              -0.063623	
                0.000923	  ,              -0.052389	
                0.002465	  ,              -0.033897	
                0.001298	  ,              -0.011530	
               -0.003397	  ,               0.003415	
               -0.010281	  ,               0.011566	
               -0.007546	  ,              -0.000751	
               -0.003311	  ,               0.001488	
               -0.001120	  ,               0.011690	
                0.002423	  ,               0.028458	
                0.002938	  ,               0.039620	
                0.001276	  ,               0.045686	
               -0.003416	  ,               0.043767	
               -0.003887	  ,               0.035241	
               -0.004348	  ,               0.049026	
                0.003470	  ,               0.054505	
                0.011283	  ,               0.059462	
                0.010282	  ,               0.051728	
                0.003875	  ,               0.064105	
                0.006435	  ,               0.072426	
                0.010184	  ,               0.073824	
                0.010877	  ,               0.052941	
                0.003956	  ,               0.032094	
                0.001245	  ,               0.034778	
               -0.008251	  ,               0.027462	
               -0.002015	  ,               0.002702	
               -0.003066	  ,              -0.033727	
                0.004175	  ,              -0.067605	
               -0.002281	  ,              -0.116193	
               -0.004830	  ,              -0.122636	
               -0.010037	  ,              -0.093386	
               -0.010649	  ,              -0.056184	
               -0.012299	  ,              -0.012547	
               -0.003456	  ,               0.028386	
               -0.009650	  ,               0.044263	
               -0.008570	  ,               0.048987	
               -0.005435	  ,               0.053385	
               -0.015665	  ,               0.041563	
               -0.011529	  ,               0.030752	
                0.007511	  ,               0.007730	
                0.021318	  ,              -0.001130	
                0.019057	  ,              -0.014909	
                0.012575	  ,              -0.032256	
                0.018760	  ,              -0.066032	
                0.013252	  ,              -0.119452	
                0.008241	  ,              -0.112474	
                0.009828	  ,              -0.093334	
                0.005815	  ,              -0.040534	
               -0.005485	  ,               0.009063	
               -0.019325	  ,               0.002526	
               -0.010000	  ,               0.008188	
               -0.004937	  ,               0.013335	
               -0.018843	  ,              -0.001143	
               -0.020752	  ,               0.011968	
               -0.002211	  ,               0.008026	
                0.010062	  ,               0.004457	
                0.012172	  ,               0.001219	
                0.010061	  ,               0.022018	
                0.004407	  ,               0.035730	
               -0.007489	  ,               0.043028	
               -0.012121	  ,               0.054219	
               -0.005247	  ,               0.052215	
               -0.014089	  ,               0.050394	
               -0.008545	  ,               0.048735	
               -0.005525	  ,               0.044171	
                0.004766	  ,               0.034552	
                0.006079	  ,               0.035750	
                0.007222	  ,               0.023230	
                0.006172	  ,               0.007961	
                0.015618	  ,              -0.022748	
                0.014394	  ,              -0.044850	
                0.019905	  ,              -0.048879	
                0.025911	  ,              -0.032166	
                0.020573	  ,              -0.014311	
                0.019630	  ,              -0.017789	
                0.011752	  ,              -0.015199	
                0.006413	  ,              -0.012788	
               -0.007729	  ,              -0.020355	
               -0.038418	  ,              -0.022819	
               -0.042874	  ,              -0.021020	
               -0.022974	  ,              -0.019350	
               -0.019488	  ,              -0.010997	
               -0.022775	  ,               0.002877	
               -0.019999	  ,              -0.002607	
               -0.033800	  ,              -0.000740	
               -0.026631	  ,              -0.008203	
               -0.011170	  ,              -0.004009	
               -0.017366	  ,               0.007443	
               -0.015631	  ,               0.027489	
               -0.014072	  ,               0.019450	
               -0.015713	  ,               0.017142	
               -0.003303	  ,               0.015010	
                0.005039	  ,               0.017104	
                0.012525	  ,               0.007861	
                0.008360	  ,               0.013001	
                0.014538	  ,               0.023695	
                0.022251	  ,               0.019724	
                0.021167	  ,               0.018683	
                0.020254	  ,               0.015672	
                0.033065	  ,               0.023193	
                0.038617	  ,               0.031877	
                0.036918	  ,               0.028897	
                0.038431	  ,               0.013391	
                0.031437	  ,              -0.006721	
                0.027655	  ,              -0.003834	
                0.017303	  ,              -0.026008	
                0.007631	  ,              -0.034686	
               -0.006255	  ,              -0.037298	
               -0.000665	  ,              -0.029927	
               -0.005717	  ,              -0.027628	
               -0.019577	  ,              -0.037690	
               -0.025122	  ,              -0.035766	
               -0.030154	  ,              -0.023891	
               -0.025568	  ,              -0.031476	
               -0.010339	  ,              -0.024554	
               -0.008306	  ,              -0.015809	
               -0.013864	  ,               0.001199	
               -0.022296	  ,               0.028376	
               -0.011606	  ,               0.031929	
                0.009221	  ,               0.035176	
                0.012113	  ,               0.050038	
                0.009427	  ,               0.052694	
                0.007105	  ,               0.055019	
                0.000561	  ,               0.052815	
                0.002635	  ,               0.038636	
                0.004542	  ,               0.018227	
               -0.010621	  ,              -0.006411	
               -0.020719	  ,              -0.029337	
               -0.015107	  ,              -0.026390	
               -0.010007	  ,              -0.034414	
               -0.002349	  ,              -0.056643	
                0.015829	  ,              -0.071444	
                0.018273	  ,              -0.079522	
                0.016175	  ,              -0.042253	
                0.014287	  ,              -0.026321	
                0.016285	  ,              -0.011915	
                0.021504	  ,               0.001297	
                0.026210	  ,              -0.002586	
                0.022289	  ,               0.000986	
                0.016169	  ,              -0.002181	
                0.013088	  ,               0.000727	
                0.010164	  ,               0.003454	
               -0.003767	  ,              -0.003800	
               -0.022100	  ,               0.007373	
               -0.029278	  ,               0.001280	
               -0.022575	  ,              -0.000591	
               -0.020417	  ,               0.004478	
               -0.033326	  ,               0.006011	
               -0.038299	  ,               0.012945	
               -0.033663	  ,               0.006662	
               -0.018376	  ,               0.009844	
                0.012297	  ,               0.021306	
                0.016732	  ,               0.025819	
                0.012869	  ,               0.029807	
                0.016425	  ,               0.041050	
                0.006607	  ,               0.042487	
               -0.008298	  ,               0.038332	
               -0.016439	  ,               0.026921	
               -0.009197	  ,               0.022267	
               -0.020387	  ,               0.026237	
               -0.010266	  ,               0.024969	
                0.006445	  ,               0.009992	
                0.021977	  ,               0.020062	
                0.023969	  ,               0.025580	
                0.014622	  ,               0.020443	
                0.012890	  ,              -0.002593	
                0.008290	  ,              -0.052124	
                0.015187	  ,              -0.073341	
                0.018870	  ,              -0.040930	
                0.011081	  ,              -0.023429	
               -0.004618	  ,              -0.018124	
               -0.006788	  ,              -0.022811	
               -0.004738	  ,              -0.027166	
               -0.006584	  ,              -0.040161	
               -0.019613	  ,              -0.028308	
               -0.011169	  ,              -0.031880	
               -0.000520	  ,              -0.022116	
               -0.007478	  ,              -0.030978	
               -0.011228	  ,              -0.022935	
               -0.010242	  ,              -0.005745	
               -0.000798	  ,               0.027855	
               -0.012169	  ,               0.023046	
               -0.029139	  ,               0.027358	
               -0.022647	  ,               0.023381	
               -0.012634	  ,               0.019764	
                0.003964	  ,               0.022902	
                0.001615	  ,               0.014030	
                0.003483	  ,               0.000261	
                0.008898	  ,              -0.002180	
                0.013798	  ,              -0.000048	
                0.024276	  ,              -0.006194	
                0.022755	  ,              -0.000656	
                0.023812	  ,              -0.002347	
                0.006657	  ,               0.002240	
               -0.010681	  ,               0.000933	
               -0.004196	  ,              -0.015429	
               -0.002289	  ,              -0.008759	
                0.010631	  ,               0.001553	
                0.012213	  ,               0.007279	
                0.007530	  ,               0.012498	
                0.006062	  ,               0.011090	
                0.002273	  ,               0.009827	
                0.003262	  ,               0.008749	
                0.000191	  ,               0.007838	
               -0.004414	  ,               0.004871	
               -0.010378	  ,              -0.005375	
               -0.011111	  ,               0.007201	
               -0.010489	  ,               0.019088	
               -0.010030	  ,               0.017589	
               -0.009535	  ,               0.018945	
               -0.011045	  ,               0.015217	
               -0.004093	  ,               0.014181	
                0.005393	  ,               0.008898	
                0.011653	  ,              -0.005178	
                0.006063	  ,              -0.035842	
                0.005058	  ,              -0.057881	
                0.000488	  ,              -0.037986	
               -0.012372	  ,              -0.019987	
               -0.025352	  ,              -0.010262	
               -0.020194	  ,              -0.001501	
               -0.015570	  ,              -0.004204	
               -0.014167	  ,              -0.001799	
               -0.005288	  ,               0.000437	
                0.002576	  ,               0.006546	
               -0.002604	  ,               0.008407	
               -0.001733	  ,               0.006721	
               -0.000864	  ,               0.005197	
                0.004415	  ,               0.006576	
                0.008005	  ,               0.007797	
                0.014946	  ,               0.008853	
                0.028960	  ,               0.020412	
                0.051417	  ,               0.025085	
                0.054226	  ,               0.037743	
                0.046014	  ,               0.049712	
                0.033583	  ,               0.048263	
                0.031314	  ,               0.038676	
                0.025181	  ,               0.029910	
                0.015877	  ,               0.019618	
                0.007460	  ,               0.004398	
               -0.006321	  ,              -0.005750	
               -0.034106	  ,              -0.033656	
               -0.070002	  ,              -0.045473	
               -0.055503	  ,              -0.049009	
               -0.024590	  ,              -0.045783	
               -0.004512	  ,              -0.054573	
               -0.008002	  ,              -0.095660	
               -0.004735	  ,              -0.066387	
                0.004136	  ,              -0.050467	
                0.012374	  ,              -0.026255	
               -0.004759	  ,              -0.004238	
               -0.011238	  ,              -0.008106	
               -0.009098	  ,              -0.004547	
               -0.003409	  ,               0.011858	
                0.001789	  ,               0.014720	
                0.003463	  ,               0.017400	
               -0.003317	  ,               0.014989	
               -0.006899	  ,               0.017142	
               -0.019312	  ,               0.023200	
               -0.031067	  ,               0.025028	
               -0.017128	  ,               0.026687	
               -0.000316	  ,               0.025127	
                0.015325	  ,               0.023725	
                0.017380	  ,               0.027394	
               -0.003126	  ,               0.019551	
                0.004910	  ,               0.016422	
                0.002421	  ,               0.015464	
               -0.022453	  ,               0.005867	
               -0.039077	  ,               0.002049	
               -0.018467	  ,              -0.005807	
               -0.015962	  ,              -0.017384	
               -0.028534	  ,              -0.012887	
               -0.017584	  ,               0.002269	
                0.000721	  ,               0.012339	
                0.023015	  ,               0.017834	
                0.030168	  ,               0.020106	
                0.027377	  ,               0.008170	
                0.019407	  ,              -0.002582	
                0.036829	  ,               0.001395	
                0.052562	  ,               0.000136	
                0.058835	  ,              -0.017036	
                0.057197	  ,              -0.044343	
                0.055737	  ,              -0.033572	
                0.045343	  ,              -0.003846	
                0.035967	  ,               0.000016	
                0.019763	  ,               0.010817	
               -0.013731	  ,               0.000957	
               -0.037760	  ,               0.003774	
               -0.059569	  ,               0.001007	
               -0.071234	  ,              -0.001436	
               -0.060273	  ,              -0.017082	
               -0.043767	  ,              -0.007022	
               -0.040820	  ,              -0.005259	
               -0.038058	  ,              -0.000277	
               -0.005689	  ,              -0.011007	
                0.007588	  ,              -0.009705	
               -0.004167	  ,              -0.010945	
               -0.022196	  ,              -0.005433	
               -0.018912	  ,              -0.006462	
               -0.015960	  ,              -0.003753	
               -0.007777	  ,               0.002197	
               -0.005342	  ,               0.004443	
               -0.011861	  ,               0.006511	
               -0.025988	  ,               0.009590	
               -0.024047	  ,               0.013706	
               -0.008754	  ,               0.007021	
                0.017847	  ,               0.002557	
                0.028701	  ,               0.005211	
                0.038516	  ,               0.000086	
                0.035619	  ,              -0.000472	
                0.021873	  ,               0.001332	
                0.054151	  ,              -0.000255	
                0.084916	  ,               0.001357	
                0.096753	  ,               0.006510	
                0.093165	  ,               0.010133	
                0.102904	  ,               0.011888	
                0.099960	  ,               0.011428	
                0.058775	  ,               0.009940	
                0.041236	  ,               0.014184	
                0.046348	  ,               0.013671	
                0.031846	  ,               0.007876	
               -0.025632	  ,               0.013043	
               -0.080421	  ,               0.014979	
               -0.116096	  ,               0.017907	
               -0.122652	  ,               0.011337	
               -0.140182	  ,               0.005247	
               -0.124405	  ,              -0.006425	
               -0.100365	  ,              -0.011644	
               -0.087351	  ,              -0.004130	
               -0.091415	  ,              -0.013791	
               -0.073492	  ,              -0.017485	
               -0.070470	  ,              -0.020631	
               -0.061902	  ,              -0.025798	
               -0.021041	  ,              -0.022998	
               -0.003875	  ,              -0.011690	
                0.001098	  ,              -0.013046	
               -0.013570	  ,              -0.016935	
               -0.009480	  ,              -0.010531	
                0.018108	  ,              -0.009369	
                0.035897	  ,              -0.003992	
                0.038808	  ,              -0.004703	
                0.035657	  ,              -0.002046	
                0.049114	  ,              -0.002592	
                0.051252	  ,              -0.000427	
                0.053231	  ,               0.009185	
                0.051017	  ,               0.010657	
                0.045263	  ,               0.007063	
                0.036622	  ,               0.014989	
                0.037956	  ,               0.016174	
                0.016969	  ,               0.017166	
                0.001922	  ,               0.018150	
               -0.000912	  ,               0.018962	
                0.001339	  ,               0.009779	
                0.007808	  ,              -0.009056	
                0.017818	  ,              -0.022669	
                0.015829	  ,              -0.029871	
                0.020795	  ,              -0.027633	
                0.022241	  ,              -0.021531	
                0.023532	  ,              -0.015963	
                0.017223	  ,              -0.010923	
                0.011599	  ,              -0.003362	
               -0.002141	  ,               0.000631	
                0.007157	  ,               0.004281	
                0.008865	  ,               0.000997	
                0.001270	  ,               0.008193	
               -0.002797	  ,               0.012693	
                0.000907	  ,               0.016865	
               -0.000156	  ,               0.025254	
                0.002810	  ,               0.040101	
                0.003577	  ,               0.050253	
                0.002654	  ,               0.055860	
                0.004760	  ,               0.067701	
               -0.006035	  ,               0.072260	
               -0.016845	  ,               0.073628	
               -0.010034	  ,               0.054757	
               -0.006377	  ,               0.019174	
               -0.001160	  ,              -0.020129	
               -0.006709	  ,              -0.063698	
               -0.007629	  ,              -0.081069	
               -0.008311	  ,              -0.096945	
                0.001382	  ,              -0.092193	
               -0.002046	  ,              -0.070192	
               -0.009514	  ,              -0.066286	
               -0.012238	  ,              -0.062722	
               -0.012716	  ,              -0.046300	
               -0.014889	  ,              -0.025466	
               -0.009290	  ,              -0.017319	
               -0.015367	  ,              -0.004944	
               -0.010789	  ,              -0.002705	
               -0.005183	  ,               0.003408	
               -0.002819	  ,               0.005278	
               -0.000811	  ,               0.006977	
                0.003546	  ,               0.008475	
                0.004348	  ,               0.015375	
                0.004989	  ,               0.011590	
                0.006470	  ,               0.001198	
                0.004231	  ,              -0.008538	
                0.006214	  ,               0.007758	
                0.001422	  ,               0.014260	
               -0.008958	  ,               0.016211	
               -0.007184	  ,               0.021750	
                0.002689	  ,               0.023429	
                0.009150	  ,               0.031040	
                0.010372	  ,               0.035114	
                0.011576	  ,               0.041384	
                0.007195	  ,               0.044573	
                0.003136	  ,               0.049796	
               -0.000427	  ,               0.047071	
               -0.008070	  ,               0.044516	
               -0.015213	  ,               0.042297	
               -0.014262	  ,               0.031631	
               -0.013327	  ,               0.020969	
               -0.012581	  ,               0.019603	
               -0.004727	  ,               0.005733	
                0.000573	  ,              -0.007292	
                0.010922	  ,              -0.005614	
                0.003997	  ,              -0.028651	
               -0.002261	  ,              -0.051702	
                0.005524	  ,              -0.060537	
                0.012800	  ,              -0.041465	
                0.019222	  ,              -0.029160	
                0.018362	  ,              -0.040380	
                0.008386	  ,              -0.071056	
               -0.001239	  ,              -0.084321	
               -0.000058	  ,              -0.072570	
                0.003147	  ,              -0.039878	
                0.004157	  ,              -0.018056	
               -0.009889	  ,               0.009649	
               -0.024118	  ,               0.012977	
               -0.037176	  ,               0.015973	
               -0.025388	  ,               0.012909	
               -0.008512	  ,               0.015449	
               -0.006365	  ,               0.017685	
                0.007776	  ,               0.015374	
                0.013282	  ,               0.013248	
                0.004747	  ,               0.011323	
                0.006187	  ,               0.006197	
                0.007461	  ,               0.016788	
                0.023774	  ,               0.023652	
                0.021488	  ,               0.019868	
                0.015318	  ,               0.034706	
                0.009645	  ,               0.032618	
               -0.009056	  ,               0.041867	
               -0.016429	  ,               0.040147	
               -0.027695	  ,               0.041677	
               -0.033892	  ,               0.037639	
               -0.035868	  ,               0.018720	
               -0.034290	  ,              -0.000366	
               -0.029848	  ,              -0.027551	
               -0.023046	  ,              -0.045599	
               -0.004249	  ,              -0.048774	
               -0.007099	  ,              -0.057533	
                0.005113	  ,              -0.054796	
                0.007170	  ,              -0.027527	
                0.009062	  ,              -0.023953	
                0.010784	  ,              -0.014127	
                0.015713	  ,              -0.005327	
                0.011000	  ,               0.002789	
                0.014906	  ,               0.000400	
                0.013562	  ,               0.002562	
                0.012393	  ,               0.008608	
                0.009202	  ,              -0.000749	
                0.013621	  ,              -0.002508	
                0.017712	  ,               0.008081	
                0.021309	  ,               0.017654	
                0.020504	  ,               0.021300	
                0.010901	  ,               0.013445	
                0.006712	  ,               0.016418	
                0.005393	  ,               0.009923	
                0.004250	  ,               0.009026	
               -0.011597	  ,               0.005293	
               -0.027256	  ,               0.003269	
               -0.017207	  ,               0.004970	
               -0.008009	  ,               0.006657	
               -0.009822	  ,               0.009209	
               -0.008406	  ,               0.013488	
               -0.004436	  ,               0.008345	
                0.001561	  ,               0.009318	
                0.010264	  ,              -0.001200	
                0.002401	  ,               0.006552	
                0.003358	  ,               0.010748	
                0.006028	  ,               0.009683	
                0.005155	  ,               0.010813	
                0.002930	  ,               0.005685	
                0.002236	  ,               0.012221	
                0.001718	  ,               0.023476	
                0.005771	  ,               0.028132	
                0.000027	  ,               0.015692	
               -0.003676	  ,               0.003933	
                0.001252	  ,               0.005536	
                0.000763	  ,              -0.001327	
                0.002486	  ,              -0.020205	
               -0.000016	  ,              -0.039251	
                0.000344	  ,              -0.046463	
                0.002400	  ,              -0.048621	
               -0.003333	  ,              -0.046572	
                0.002605	  ,              -0.040983	
                0.001964	  ,              -0.032544	
                0.004049	  ,              -0.018702	
                0.001094	  ,              -0.013171	
                0.001698	  ,              -0.008144	
                0.005353	  ,              -0.006660	
               -0.000644	  ,               0.000243	
               -0.001382	  ,               0.003954	
               -0.000610	  ,               0.007189	
               -0.004097	  ,               0.008235	
                0.000189	  ,               0.010988	
                0.000782	  ,               0.013571	
               -0.003855	  ,               0.011423	
               -0.004238	  ,               0.007911	
                0.002313	  ,               0.009646	
               -0.000111	  ,               0.010196	
               -0.002201	  ,               0.004478	
                0.005698	  ,               0.006709	
                0.011049	  ,               0.011644	
                0.004735	  ,               0.004733	
                0.005714	  ,               0.000187	
                0.006534	  ,               0.001041	
                0.001754	  ,               0.000370	
               -0.007605	  ,               0.005271	
               -0.003414	  ,               0.005774	
               -0.004459	  ,               0.008640	
                0.003456	  ,               0.003888	
               -0.001654	  ,               0.002175	
               -0.006081	  ,              -0.001904	
               -0.000026	  ,              -0.001421	
               -0.002112	  ,               0.005481	
               -0.009783	  ,               0.002389	
               -0.019151	  ,               0.001497	
               -0.012806	  ,               0.005680	
               -0.000239	  ,               0.003427	
                0.004875	  ,              -0.001535	
                0.009473	  ,              -0.002106	
                0.008143	  ,               0.003073	
                0.001916	  ,              -0.001898	
               -0.003619	  ,              -0.001444	
               -0.006590	  ,              -0.001983	
                0.001984	  ,              -0.002516	
                0.003095	  ,              -0.004749	
               -0.008323	  ,              -0.000049	
               -0.009764	  ,              -0.008365	
               -0.005625	  ,              -0.005182	
               -0.004357	  ,               0.000030	
                0.003516	  ,               0.006428	
                0.008853	  ,               0.003865	
                0.004345	  ,               0.004521	
                0.001841	  ,              -0.001924	
               -0.009646	  ,               0.000610	
               -0.001197	  ,              -0.004619	
                0.009433	  ,              -0.002545	
                0.013437	  ,              -0.001987	
                0.009630	  ,              -0.003617	
                0.015125	  ,              -0.002025	
                0.030776	  ,              -0.003138	
                0.028521	  ,              -0.005108	
                0.005997	  ,               0.000712	
               -0.008910	  ,              -0.000073	
               -0.022645	  ,               0.002181	
               -0.020275	  ,              -0.001325	
               -0.013630	  ,              -0.000778	
               -0.011551	  ,              -0.002443	
               -0.013388	  ,              -0.003941	
               -0.004932	  ,               0.002177	
               -0.009531	  ,               0.004745	
               -0.022043	  ,               0.002584	
               -0.030478	  ,               0.001950	
               -0.016589	  ,               0.000296	
               -0.007282	  ,              -0.000171	
               -0.015733	  ,              -0.003675	
               -0.023344	  ,              -0.003286	
               -0.019302	  ,              -0.002036	
               -0.005431	  ,               0.002267	
                0.000151	  ,              -0.000540	
                0.005220	  ,               0.003074	
                0.019058	  ,               0.008206	
                0.020868	  ,               0.010285	
                0.022510	  ,               0.007289	
                0.033107	  ,              -0.000275	
                0.042008	  ,               0.008392	
                0.037872	  ,               0.009432	
                0.034092	  ,               0.010299	
                0.028466	  ,               0.009466	
                0.012685	  ,               0.004220	
               -0.002937	  ,              -0.000699	
               -0.021450	  ,              -0.010195	
               -0.043878	  ,              -0.011585	
               -0.029089	  ,              -0.012806	
               -0.021052	  ,              -0.013862	
               -0.013848	  ,              -0.014912	
               -0.011726	  ,              -0.010361	
               -0.013861	  ,              -0.012892	
               -0.019566	  ,              -0.013547	
               -0.017972	  ,              -0.007083	
                0.004958	  ,               0.000739	
                0.014690	  ,               0.010272	
                0.023427	  ,               0.011514	
                0.031493	  ,               0.010578	
                0.033802	  ,               0.003360	
                0.040327	  ,               0.004265	
                0.046349	  ,               0.001777	
                0.037003	  ,              -0.001899	
                0.018344	  ,               0.001691	
               -0.004059	  ,               0.008660	
               -0.024942	  ,               0.002267	
               -0.027724	  ,               0.004832	
               -0.015449	  ,               0.007049	
               -0.035843	  ,               0.009096	
               -0.060647	  ,               0.007418	
               -0.050942	  ,               0.009130	
               -0.023953	  ,               0.007623	
               -0.005905	  ,               0.002567	
                0.010459	  ,              -0.005191	
               -0.010395	  ,              -0.008230	
               -0.018553	  ,              -0.009070	
               -0.016215	  ,              -0.009914	
               -0.005072	  ,              -0.012115	
               -0.007139	  ,              -0.014142	
               -0.005327	  ,              -0.012450	
                0.003084	  ,              -0.017684	
               -0.004591	  ,              -0.018356	
               -0.003305	  ,              -0.011416	
                0.005436	  ,              -0.006853	
                0.017911	  ,              -0.004324	
                0.022934	  ,               0.000904	
                0.021358	  ,               0.001575	
                0.022670	  ,               0.005794	
                0.016357	  ,               0.008674	
                0.017326	  ,               0.015433	
                0.007840	  ,               0.016262	
                0.004123	  ,               0.017113	
                0.007341	  ,               0.019317	
                0.012590	  ,               0.022869	
                0.015273	  ,               0.025910	
                0.021154	  ,               0.026404	
                0.012639	  ,               0.020621	
                0.000068	  ,               0.018373	
               -0.005048	  ,               0.010549	
               -0.000474	  ,              -0.005214	
                0.009214	  ,              -0.016400	
                0.018073	  ,              -0.026562	
                0.001041	  ,              -0.028442	
               -0.011257	  ,              -0.023400	
               -0.004629	  ,              -0.028008	
               -0.014752	  ,              -0.023984	
               -0.020304	  ,              -0.032816	
               -0.015196	  ,              -0.015764	
               -0.010592	  ,              -0.013444	
               -0.006490	  ,              -0.006903	
               -0.015235	  ,              -0.000877	
               -0.007408	  ,               0.004646	
                0.004150	  ,               0.006293	
                0.005719	  ,               0.004733	
                0.009818	  ,               0.008754	
                0.001055	  ,               0.012435	
                0.000055	  ,               0.013406	
                0.001085	  ,               0.012342	
               -0.001579	  ,               0.005865	
               -0.012711	  ,               0.004971	
               -0.017247	  ,               0.001222	
               -0.013131	  ,              -0.002329	
               -0.006794	  ,               0.007150	
               -0.003498	  ,               0.008506	
               -0.006426	  ,               0.009689	
               -0.012734	  ,               0.006466	
                0.000231	  ,               0.001197	
                0.020800	  ,               0.000333	
                0.023626	  ,              -0.007455	
                0.026115	  ,              -0.004415	
                0.024026	  ,              -0.003563	
                0.018075	  ,               0.002361	
                0.016338	  ,               0.006078	
                0.021521	  ,               0.006767	
                0.020113	  ,              -0.000145	
                0.013293	  ,               0.002600	
                0.014597	  ,              -0.006829	
                0.004382	  ,              -0.003072	
               -0.016343	  ,              -0.002026	
               -0.025075	  ,              -0.011468	
               -0.027723	  ,              -0.010257	
               -0.029531	  ,              -0.006692	
               -0.012241	  ,              -0.005673	
               -0.010018	  ,              -0.002635	
               -0.003906	  ,               0.005819	
               -0.009483	  ,               0.011406	
               -0.017934	  ,               0.006150	
               -0.025561	  ,              -0.000312	
               -0.032525	  ,              -0.004584	
               -0.026312	  ,              -0.006835	
               -0.009289	  ,               0.002415	
               -0.002080	  ,               0.011164	
                0.013419	  ,               0.014320	
                0.019408	  ,               0.013250	
                0.028596	  ,               0.014051	
                0.026810	  ,               0.013181	
                0.022146	  ,               0.016909	
                0.015151	  ,               0.014889	
                0.003766	  ,               0.010706	
                0.005245	  ,               0.004332	
               -0.004428	  ,              -0.008472	
               -0.008193	  ,              -0.014021	
               -0.013810	  ,              -0.008922	
               -0.019079	  ,              -0.004332	
               -0.008799	  ,              -0.005681	
               -0.001906	  ,              -0.001947	
               -0.005699	  ,              -0.000905	
               -0.002573	  ,              -0.001914	
               -0.003711	  ,              -0.015954	
               -0.003007	  ,              -0.030177	
                0.006320	  ,              -0.028319	
                0.014981	  ,              -0.023237	
               -0.002236	  ,              -0.018664	
               -0.014718	  ,              -0.009007	
               -0.008267	  ,               0.004869	
                0.001749	  ,               0.003008	
               -0.003965	  ,              -0.002054	
               -0.005770	  ,              -0.000528	
                0.001751	  ,              -0.001875	
               -0.013537	  ,               0.001845	
               -0.007511	  ,               0.009632	
                0.001739	  ,               0.004403	
                0.000012	  ,               0.001709	
                0.001555	  ,              -0.004204	
               -0.005314	  ,              -0.003543	
               -0.001505	  ,               0.002842	
                0.006347	  ,               0.007025	
                0.007432	  ,               0.006290	
                0.004775	  ,               0.009792	
               -0.001099	  ,               0.013977	
                0.004180	  ,               0.014444	
                0.009115	  ,               0.016945	
                0.007443	  ,               0.009979	
                0.012720	  ,               0.000493	
                0.007845	  ,               0.006766	
                0.009572	  ,               0.012360	
                0.006728	  ,               0.011346	
                0.011486	  ,               0.008622	
                0.020995	  ,               0.000810	
                0.019669	  ,              -0.006499	
                0.015975	  ,              -0.000086	
                0.021604	  ,               0.002439	
                0.018596	  ,               0.003112	
                0.004618	  ,              -0.007552	
               -0.001411	  ,              -0.018212	
               -0.025498	  ,              -0.016831	
               -0.022167	  ,              -0.023053	
               -0.019183	  ,              -0.019795	
               -0.021769	  ,              -0.010271	
               -0.014370	  ,               0.006177	
               -0.012012	  ,               0.012806	
               -0.009826	  ,               0.010813	
               -0.000349	  ,               0.016442	
                0.001507	  ,               0.008042	
                0.012324	  ,              -0.002550	
                0.019416	  ,               0.007161	
                0.035966	  ,               0.006054	
                0.038299	  ,               0.007152	
                0.028291	  ,              -0.002244	
                0.015396	  ,              -0.010975	
                0.013815	  ,              -0.009901	
                0.015454	  ,              -0.008832	
                0.022489	  ,              -0.002338	
                0.008690	  ,               0.000277	
                0.003152	  ,              -0.011129	
               -0.001882	  ,              -0.005945	
               -0.006394	  ,              -0.007383	
               -0.024464	  ,              -0.003270	
               -0.022082	  ,              -0.004422	
               -0.028675	  ,              -0.007603	
               -0.038837	  ,              -0.000289	
               -0.066746	  ,               0.004323	
               -0.078577	  ,               0.017216	
               -0.075022	  ,               0.026525	
               -0.052004	  ,               0.024809	
               -0.037110	  ,               0.023263	
               -0.017984	  ,               0.016317	
               -0.015597	  ,               0.010039	
               -0.000010	  ,               0.002249	
                0.014226	  ,               0.001233	
                0.027256	  ,               0.000386	
                0.032318	  ,              -0.009106	
                0.036340	  ,              -0.020627	
                0.034769	  ,              -0.011833	
                0.033358	  ,              -0.001510	
                0.034460	  ,               0.005423	
                0.021843	  ,               0.009127	
                0.026805	  ,               0.008048	
                0.031240	  ,              -0.005774	
                0.027045	  ,              -0.000320	
                0.033147	  ,              -0.002144	
                0.018090	  ,              -0.000727	
                0.015896	  ,              -0.004867	
               -0.012159	  ,              -0.023881	
               -0.024143	  ,              -0.026629	
               -0.020746	  ,              -0.024285	
               -0.030722	  ,              -0.026478	
               -0.033736	  ,              -0.016288	
               -0.047571	  ,              -0.010639	
               -0.040410	  ,              -0.015633	
               -0.042717	  ,              -0.017081	
               -0.028620	  ,              -0.012961	
               -0.019433	  ,              -0.009204	
               -0.004313	  ,              -0.005966	
                0.009800	  ,              -0.004953	
                0.011565	  ,              -0.004142	
                0.006396	  ,               0.001747	
                0.010863	  ,               0.005421	
                0.020394	  ,               0.006010	
                0.016522	  ,               0.015358	
                0.024106	  ,               0.013865	
                0.022854	  ,               0.010001	
                0.027153	  ,               0.004284	
                0.026041	  ,               0.003104	
                0.014265	  ,               0.015086	
                0.019097	  ,               0.026702	
                0.020392	  ,               0.034087	
                0.021513	  ,               0.024216	
                0.015074	  ,               0.015184	
                0.002473	  ,               0.009352	
               -0.002564	  ,               0.006050	
               -0.004010	  ,               0.017964	
               -0.013569	  ,               0.026162	
               -0.017163	  ,               0.018284	
               -0.017992	  ,               0.005476	
               -0.020830	  ,               0.006834	
               -0.025142	  ,              -0.007377	
               -0.029044	  ,              -0.013286	
               -0.017183	  ,              -0.015301	
               -0.004997	  ,              -0.007988	
                0.009191	  ,              -0.012273	
                0.007621	  ,              -0.028817	
                0.009565	  ,              -0.035475	
                0.014376	  ,              -0.025335	
                0.018643	  ,              -0.012261	
                0.017650	  ,               0.013205	
                0.023408	  ,               0.038708	
                0.020539	  ,               0.029033	
                0.023417	  ,               0.020385	
                0.019346	  ,               0.001428	
                0.009508	  ,              -0.015629	
               -0.011158	  ,              -0.022015	
               -0.019836	  ,              -0.040233	
               -0.011617	  ,              -0.047278	
               -0.013922	  ,              -0.053650	
               -0.020471	  ,              -0.063549	
               -0.014329	  ,              -0.061422	
               -0.019855	  ,              -0.049311	
               -0.011340	  ,              -0.026035	
               -0.000638	  ,              -0.009338	
                0.006366	  ,               0.005844	
                0.005265	  ,               0.014264	
                0.002140	  ,               0.021840	
                0.007480	  ,               0.033306	
                0.008426	  ,               0.031601	
                0.016303	  ,               0.033836	
                0.017395	  ,               0.052874	
                0.029630	  ,               0.060631	
                0.044900	  ,               0.054535	
                0.059158	  ,               0.048931	
                0.068488	  ,               0.036397	
                0.056657	  ,               0.052114	
                0.042780	  ,               0.062761	
                0.014855	  ,               0.061377	
                0.002970	  ,               0.053374	
                0.006464	  ,               0.043153	
               -0.029973	  ,               0.039522	
               -0.073681	  ,               0.038732	
               -0.126711	  ,               0.033504	
               -0.119707	  ,               0.034853	
               -0.100535	  ,               0.024831	
               -0.094902	  ,               0.026469	
               -0.089786	  ,               0.035544	
               -0.056097	  ,               0.048312	
               -0.051853	  ,               0.036668	
               -0.063849	  ,               0.013805	
               -0.060461	  ,               0.004108	
               -0.024259	  ,              -0.016631	
                0.009399	  ,              -0.057701	
                0.031224	  ,              -0.098643	
                0.051032	  ,              -0.125215	
                0.047347	  ,              -0.129982	
                0.057046	  ,              -0.125621	
                0.052526	  ,              -0.113298	
                0.049517	  ,              -0.101480	
                0.030275	  ,              -0.076128	
                0.027769	  ,              -0.059743	
                0.029825	  ,              -0.050985	
                0.027639	  ,              -0.048342	
                0.021892	  ,              -0.036057	
                0.020040	  ,              -0.020584	
                0.024436	  ,              -0.010550	
                0.025604	  ,              -0.001388	
                0.026601	  ,               0.000141	
                0.023207	  ,               0.007549	
                0.013566	  ,               0.019837	
                0.012232	  ,               0.034832	
                0.013105	  ,               0.032561	
                0.003497	  ,               0.030459	
               -0.005419	  ,               0.031908	
                0.000047	  ,               0.036231	
               -0.001082	  ,               0.040033	
               -0.000338	  ,               0.025893	
                0.002102	  ,              -0.002310	
                0.004222	  ,              -0.030536	
                0.004830	  ,              -0.048987	
                0.003087	  ,              -0.046154	
               -0.004554	  ,              -0.025744	
               -0.003524	  ,              -0.018052	
               -0.000804	  ,              -0.016153	
               -0.003329	  ,              -0.018855	
               -0.007032	  ,              -0.005183	
                0.000762	  ,               0.007310	
               -0.006513	  ,               0.022020	
               -0.007399	  ,               0.023533	
               -0.015229	  ,               0.036030	
               -0.010024	  ,               0.040576	
               -0.007397	  ,               0.032438	
               -0.011727	  ,               0.038871	
               -0.012523	  ,               0.029572	
               -0.007717	  ,               0.025860	
               -0.004728	  ,               0.030624	
                0.000499	  ,               0.040483	
               -0.000156	  ,               0.046991	
                0.004149	  ,               0.045393	
                0.004751	  ,               0.045972	
                0.006380	  ,               0.042475	
                0.007710	  ,               0.048461	
                0.003218	  ,               0.036857	
               -0.005979	  ,               0.025755	
               -0.020915	  ,               0.004502	
               -0.014531	  ,              -0.016726	
               -0.004951	  ,              -0.019801	
               -0.009778	  ,              -0.022494	
               -0.004988	  ,              -0.020596	
               -0.000717	  ,              -0.014796	
                0.003190	  ,              -0.024361	
                0.006594	  ,              -0.043188	
               -0.000480	  ,              -0.045721	
                0.000567	  ,              -0.043603	
                0.001634	  ,              -0.033453	
                0.004059	  ,              -0.031473	
                0.009165	  ,              -0.009262	
                0.005078	  ,              -0.000142	
               -0.003596	  ,              -0.007871	
                0.002793	  ,              -0.000199	
                0.001899	  ,               0.002419	
                0.003049	  ,               0.008969	
                0.011626	  ,               0.007557	
                0.014934	  ,               0.009685	
                0.007775	  ,               0.005568	
                0.005214	  ,               0.007353	
               -0.000574	  ,               0.011501	
               -0.002659	  ,               0.015120	
               -0.006100	  ,               0.018550	
               -0.015460	  ,               0.019750	
               -0.030562	  ,               0.022638	
               -0.016234	  ,               0.025202	
               -0.006837	  ,               0.024933	
               -0.008436	  ,               0.024844	
               -0.012905	  ,               0.016462	
               -0.008750	  ,              -0.002084	
                0.005186	  ,              -0.009787	
                0.010850	  ,              -0.011738	
                0.012607	  ,              -0.017915	
                0.026524	  ,              -0.019546	
                0.028414	  ,              -0.028471	
                0.030124	  ,              -0.023033	
                0.044006	  ,              -0.015074	
                0.042166	  ,              -0.021677	
                0.033717	  ,              -0.020170	
                0.023069	  ,              -0.020880	
                0.016133	  ,              -0.011117	
                0.012417	  ,               0.008106	
                0.004634	  ,               0.016479	
               -0.011113	  ,               0.019068	
               -0.044800	  ,               0.021478	
               -0.040098	  ,               0.023699	
               -0.035734	  ,               0.029459	
               -0.031898	  ,               0.031299	
               -0.028403	  ,               0.029885	
               -0.012054	  ,               0.036908	
               -0.009225	  ,               0.055923	
               -0.011990	  ,               0.075083	
               -0.012730	  ,               0.081380	
               -0.020073	  ,               0.069094	
               -0.026744	  ,               0.044465	
               -0.028853	  ,               0.001542	
               -0.041964	  ,              -0.027705	
               -0.040377	  ,              -0.075739	
               -0.017483	  ,              -0.108047	
                0.018778	  ,              -0.137299	
                0.023403	  ,              -0.142540	
                0.010093	  ,              -0.108694	
                0.006079	  ,              -0.086695	
               -0.004889	  ,              -0.082815	
                0.004780	  ,              -0.057457	
                0.013429	  ,              -0.034495	
               -0.005839	  ,              -0.031672	
               -0.018335	  ,              -0.007046	
               -0.007310	  ,               0.002685	
                0.006756	  ,               0.011372	
                0.008466	  ,               0.013967	
                0.006621	  ,               0.026188	
               -0.001145	  ,               0.028252	
                0.000057	  ,               0.030148	
                0.011231	  ,               0.020694	
                0.009531	  ,               0.022224	
                0.005315	  ,               0.026614	
                0.003993	  ,               0.033361	
                0.018737	  ,               0.026898	
                0.008440	  ,               0.027691	
                0.010164	  ,               0.024408	
                0.018498	  ,               0.026873	
                0.019892	  ,               0.032555	
                0.023834	  ,               0.028595	
                0.022566	  ,               0.017700	
                0.007608	  ,               0.015931	
                0.009548	  ,               0.003162	
                0.007604	  ,               0.001227	
                0.009224	  ,               0.002496	
                0.001532	  ,               0.003602	
                0.000100	  ,               0.007069	
                0.003745	  ,               0.010032	
                0.002652	  ,               0.000333	
                0.003593	  ,              -0.003609	
               -0.002912	  ,              -0.004843	
                0.001226	  ,              -0.006070	
               -0.007295	  ,               0.002181	
               -0.015111	  ,              -0.005798	
               -0.018182	  ,              -0.009023	
               -0.006002	  ,               0.003003	
               -0.007665	  ,               0.001150	
               -0.003060	  ,              -0.015913	
               -0.001670	  ,              -0.018217	
               -0.000435	  ,              -0.008146	
                0.000630	  ,              -0.002637	
                0.003728	  ,               0.002329	
                0.004635	  ,               0.006743	
               -0.001226	  ,               0.002497	
               -0.001817	  ,               0.005981	
               -0.001037	  ,               0.004718	
               -0.002584	  ,               0.003470	
                0.002805	  ,               0.000571	
                0.003598	  ,              -0.000382	
                0.003200	  ,               0.008050	
                0.003798	  ,               0.004855	
                0.002377	  ,               0.003912	
               -0.004454	  ,              -0.000512	
               -0.007416	  ,               0.005607	
               -0.004630	  ,              -0.002604	
               -0.005377	  ,               0.000858	
               -0.004599	  ,              -0.001938	
               -0.005178	  ,              -0.010154	
               -0.000851	  ,              -0.006711	
                0.006852	  ,              -0.005476	
                0.005925	  ,              -0.002558	
                0.001457	  ,              -0.003212	
                0.005775	  ,              -0.000838	
                0.008044	  ,               0.000013	
                0.006073	  ,              -0.002839	
                0.006647	  ,              -0.004371	
                0.010756	  ,              -0.004726	
                0.002999	  ,              -0.004900	
               -0.011860	  ,              -0.001871	
               -0.017931	  ,               0.004000	
               -0.004893	  ,               0.013588	
               -0.003190	  ,               0.014872	
               -0.013847	  ,               0.018174	
               -0.012490	  ,               0.017233	
               -0.016215	  ,               0.021900	
               -0.015201	  ,               0.024570	
               -0.009947	  ,               0.016257	
               -0.009065	  ,               0.013197	
               -0.006481	  ,               0.010305	
               -0.002713	  ,               0.004014	
               -0.003367	  ,              -0.000094	
               -0.003897	  ,              -0.003713	
                0.004859	  ,              -0.014280	
                0.001096	  ,              -0.028067	
                0.000015	  ,              -0.014968	
                0.002983	  ,              -0.013218	
                0.007443	  ,              -0.030077	
                0.003092	  ,              -0.041195	
                0.005211	  ,              -0.047254	
                0.006007	  ,              -0.029123	
                0.006654	  ,              -0.012325	
                0.007166	  ,               0.008046	
               -0.000368	  ,               0.032808	
                0.007047	  ,               0.042664	
                0.000751	  ,               0.039827	
                0.000017	  ,               0.037172	
                0.007090	  ,               0.024856	
                0.006406	  ,               0.004561	
                0.010799	  ,              -0.003587	
                0.007218	  ,              -0.006005	
                0.006663	  ,              -0.026358	
                0.006267	  ,              -0.045534	
                0.002304	  ,              -0.047977	
               -0.002355	  ,              -0.032506	
                0.001936	  ,              -0.022448	
                0.002512	  ,              -0.013254	
               -0.002165	  ,               0.001873	
               -0.003793	  ,               0.003834	
               -0.002025	  ,               0.005645	
               -0.005489	  ,               0.007296	
               -0.002353	  ,               0.014897	
                0.004164	  ,               0.010845	
                0.006961	  ,              -0.002995	
                0.004523	  ,               0.010034	
                0.005285	  ,               0.008323	
                0.016006	  ,              -0.005575	
                0.011483	  ,              -0.000013	
                0.010175	  ,               0.018583	
                0.009022	  ,               0.011306	
                0.001256	  ,               0.009101	
               -0.003987	  ,               0.011121	
               -0.006689	  ,               0.009247	
               -0.004140	  ,              -0.009400	
               -0.006307	  ,              -0.026714	
               -0.016923	  ,              -0.028989	
               -0.030748	  ,              -0.027024	
               -0.028822	  ,              -0.021477	
               -0.023660	  ,              -0.013029	
               -0.003613	  ,              -0.002382	
                0.021156	  ,               0.010086	
                0.031022	  ,               0.015075	
                0.022288	  ,               0.019522	
                0.030470	  ,               0.018021	
                0.032900	  ,               0.021562	
                0.053227	  ,               0.022371	
                0.050535	  ,               0.021145	
                0.018222	  ,               0.016342	
               -0.003773	  ,               0.011836	
               -0.015616	  ,               0.001539	
               -0.033716	  ,              -0.011280	
               -0.070095	  ,              -0.006420	
               -0.094313	  ,               0.004093	
               -0.072361	  ,               0.000008	
               -0.044495	  ,              -0.011171	
               -0.048115	  ,              -0.003333	
               -0.051417	  ,               0.009406	
               -0.036626	  ,               0.021398	
               -0.012028	  ,               0.026088	
                0.004258	  ,               0.022142	
                0.012939	  ,               0.016004	
                0.020931	  ,               0.015079	
                0.028064	  ,               0.016155	
                0.034501	  ,               0.011604	
                0.028238	  ,               0.010744	
                0.029914	  ,              -0.000769	
                0.024648	  ,              -0.022722	
                0.013800	  ,              -0.037509	
                0.006671	  ,              -0.034605	
                0.007665	  ,              -0.046639	
                0.006450	  ,              -0.048496	
                0.001000	  ,              -0.054290	
               -0.003769	  ,              -0.026111	
                0.005510	  ,              -0.005888	
                0.014110	  ,              -0.002104	
                0.021675	  ,              -0.005097	
                0.016202	  ,              -0.007780	
                0.015145	  ,              -0.010319	
                0.012415	  ,              -0.002888	
                0.015965	  ,               0.003841	
                0.017820	  ,               0.010009	
                0.008175	  ,               0.023087	
               -0.012813	  ,               0.031601	
               -0.015854	  ,               0.033202	
               -0.018724	  ,               0.020755	
               -0.026156	  ,              -0.001214	
               -0.032907	  ,              -0.021981	
               -0.026955	  ,              -0.019221	
               -0.014071	  ,               0.008103	
               -0.002378	  ,               0.026323	
               -0.010067	  ,               0.042888	
               -0.011444	  ,               0.051833	
               -0.007722	  ,               0.060082	
                0.007185	  ,               0.062561	
                0.009275	  ,               0.064866	
                0.014942	  ,               0.071048	
                0.009955	  ,               0.076702	
               -0.000644	  ,               0.085215	
               -0.004691	  ,               0.062267	
               -0.003505	  ,               0.012741	
                0.004287	  ,              -0.022794	
                0.006321	  ,              -0.080863	
                0.001071	  ,              -0.165182	
                0.013271	  ,              -0.176773	
                0.015050	  ,              -0.145762	
                0.013640	  ,              -0.079584	
                0.012431	  ,              -0.053825	
                0.018850	  ,              -0.046154	
                0.008711	  ,              -0.039167	
                0.007548	  ,              -0.006969	
                0.008923	  ,               0.010339	
                0.014705	  ,               0.036799	
                0.013914	  ,               0.060920	
                0.013302	  ,               0.065236	
                0.014362	  ,               0.037200	
                0.009301	  ,               0.004205	
                0.004592	  ,              -0.044562	
               -0.000979	  ,              -0.103175	
                0.006137	  ,              -0.095668	
                0.005461	  ,              -0.046225	
                0.003101	  ,              -0.014219	
                0.001063	  ,              -0.008741	
                0.001883	  ,               0.006908	
                0.011494	  ,               0.021114	
                0.015712	  ,               0.034180	
                0.007075	  ,               0.037971	
               -0.009854	  ,               0.041450	
               -0.022042	  ,               0.057846	
               -0.015295	  ,               0.072753	
               -0.017194	  ,               0.070077	
               -0.007769	  ,               0.052818	
               -0.012731	  ,               0.023539	
               -0.005016	  ,               0.011676	
               -0.003585	  ,               0.029738	
               -0.004691	  ,               0.013264	
               -0.012407	  ,               0.004376	
                0.003372	  ,              -0.014871	
                0.018973	  ,              -0.027358	
               -0.011614	  ,              -0.043058	
               -0.024780	  ,              -0.028952	
               -0.028661	  ,              -0.016024	
               -0.039499	  ,              -0.007653	
               -0.049330	  ,              -0.012322	
               -0.052232	  ,              -0.008382	
               -0.033149	  ,              -0.002254	
               -0.010873	  ,              -0.001352	
                0.003965	  ,              -0.012940	
                0.006635	  ,              -0.008454	
                0.004253	  ,               0.012271	
                0.010819	  ,               0.020952	
                0.012854	  ,               0.034491	
                0.003564	  ,               0.036675	
               -0.004936	  ,               0.038670	
                0.011902	  ,               0.032349	
                0.000652	  ,               0.019146	
                0.002576	  ,               0.007204	
                0.008042	  ,               0.008707	
                0.019786	  ,              -0.003801	
                0.027317	  ,              -0.012238	
                0.020294	  ,              -0.032167	
                0.003784	  ,              -0.051216	
               -0.002910	  ,              -0.038774	
                0.007153	  ,              -0.013990	
                0.016374	  ,               0.015838	
                0.001065	  ,               0.027681	
                0.002993	  ,               0.031185	
               -0.006437	  ,               0.034307	
               -0.004895	  ,               0.042950	
               -0.009604	  ,               0.040074	
               -0.000082	  ,               0.017654	
                0.006067	  ,               0.002811	
                0.004936	  ,              -0.027103	
               -0.004633	  ,              -0.038721	
               -0.003538	  ,              -0.049318	
               -0.002586	  ,              -0.058904	
               -0.012125	  ,              -0.085732	
               -0.008464	  ,              -0.089066	
               -0.000765	  ,              -0.072406	
                0.002193	  ,              -0.033036	
                0.002950	  ,              -0.016871	
               -0.001355	  ,              -0.002282	
                0.000781	  ,               0.011081	
               -0.001317	  ,               0.022977	
                0.005559	  ,               0.026500	
                0.011942	  ,               0.036280	
                0.012750	  ,               0.027419	
                0.017962	  ,               0.030021	
                0.021502	  ,               0.022677	
                0.030995	  ,               0.024802	
                0.029634	  ,               0.018651	
                0.023360	  ,               0.024200	
                0.020112	  ,               0.029248	
                0.021081	  ,               0.024667	
                0.021889	  ,               0.003857	
                0.009013	  ,              -0.016907	
               -0.011459	  ,              -0.019543	
               -0.036132	  ,              -0.017115	
               -0.026285	  ,              -0.010497	
               -0.047083	  ,              -0.004336	
               -0.044398	  ,               0.001434	
               -0.007170	  ,              -0.000001	
                0.008778	  ,               0.001735	
                0.012216	  ,               0.000024	
                0.016992	  ,               0.004222	
                0.012646	  ,               0.013102	
               -0.007243	  ,               0.020968	
               -0.017938	  ,               0.024092	
               -0.020991	  ,               0.025038	
               -0.012023	  ,               0.020873	
               -0.014556	  ,               0.009424	
               -0.016792	  ,               0.021322	
               -0.018887	  ,               0.038286	
               -0.016769	  ,               0.053916	
               -0.003660	  ,               0.047907	
                0.008272	  ,               0.042423	
                0.019023	  ,               0.047584	
                0.009491	  ,               0.027708	
                0.000778	  ,              -0.007906	
               -0.004745	  ,              -0.051466	
                0.000562	  ,              -0.116030	
               -0.009692	  ,              -0.107375	
               -0.008271	  ,              -0.084034	
               -0.014466	  ,              -0.062756	
               -0.006637	  ,              -0.056362	
               -0.009644	  ,              -0.038985	
                0.000714	  ,              -0.054929	
                0.004810	  ,              -0.069369	
                0.016190	  ,              -0.038620	
                0.011690	  ,              -0.010718	
                0.013096	  ,               0.000130	
                0.016853	  ,               0.049743	
                0.017883	  ,               0.085315	
                0.010618	  ,               0.078931	
                0.007928	  ,               0.073213	
                0.003726	  ,               0.078472	
                0.003062	  ,               0.034828	
               -0.007594	  ,               0.029044	
               -0.003026	  ,               0.013105	
                0.001019	  ,               0.008313	
                0.017409	  ,               0.012641	
                0.023972	  ,               0.008668	
                0.017847	  ,              -0.002249	
                0.012252	  ,              -0.025361	
                0.017338	  ,              -0.034269	
                0.012766	  ,              -0.020708	
                0.011375	  ,               0.001469	
                0.025191	  ,              -0.025745	
                0.034430	  ,              -0.080525	
                0.008985	  ,              -0.104001	
               -0.016493	  ,              -0.054394	
               -0.026391	  ,              -0.009346	
               -0.017634	  ,              -0.003714	
               -0.014944	  ,               0.022717	
               -0.032220	  ,               0.008206	
               -0.061489	  ,               0.003673	
               -0.065380	  ,              -0.008303	
               -0.054580	  ,               0.009670	
               -0.044805	  ,               0.012750	
               -0.017794	  ,               0.003815	
               -0.007012	  ,               0.006377	
                0.002790	  ,               0.008594	
                0.011588	  ,               0.015061	
                0.008886	  ,               0.016972	
               -0.003460	  ,               0.022450	
               -0.010058	  ,               0.013879	
                0.004142	  ,               0.009188	
                0.020882	  ,               0.002121	
                0.014245	  ,               0.008253	
                0.016190	  ,               0.007083	
                0.014222	  ,               0.014184	
                0.012444	  ,               0.016696	
                0.013867	  ,               0.010627	
                0.017826	  ,               0.015777	
                0.013990	  ,               0.012180	
                0.008321	  ,               0.016385	
                0.003027	  ,               0.008780	
               -0.007277	  ,               0.007782	
                0.002418	  ,               0.010509	
                0.011277	  ,              -0.000590	
                0.016915	  ,               0.001033	
                0.015954	  ,               0.002507	
                0.005669	  ,               0.003851	
               -0.001240	  ,               0.005056	
                0.007581	  ,               0.006240	
                0.008620	  ,               0.007242	
                0.005592	  ,              -0.000398	
                0.010159	  ,              -0.003353	
                0.009283	  ,              -0.002416	
                0.008593	  ,              -0.006565	
               -0.002061	  ,              -0.005807	
               -0.021986	  ,              -0.000813	
               -0.035646	  ,              -0.007668	
               -0.023252	  ,              -0.004894	
               -0.007625	  ,              -0.009090	
               -0.005526	  ,              -0.011270	
               -0.007354	  ,              -0.010567	
                0.007887	  ,              -0.010016	
                0.022106	  ,              -0.007127	
                0.016533	  ,              -0.008668	
                0.008058	  ,              -0.008323	
                0.000425	  ,              -0.001772	
                0.001802	  ,              -0.000715	
               -0.009478	  ,               0.003776	
               -0.015343	  ,               0.006246	
               -0.007690	  ,               0.002762	
               -0.003602	  ,               0.005036	
                0.010328	  ,               0.004767	
                0.008574	  ,               0.003299	
               -0.013304	  ,               0.000980	
               -0.016056	  ,              -0.004907	
               -0.013218	  ,              -0.003856	
               -0.005823	  ,              -0.007363	
                0.005472	  ,              -0.007840	
                0.015751	  ,              -0.004610	
                0.014015	  ,               0.002000	
                0.022596	  ,              -0.010699	
                0.039636	  ,              -0.004971	
                0.041955	  ,              -0.003149	
                0.023613	  ,              -0.001500	
                0.021339	  ,               0.002671	
                0.019208	  ,               0.003969	
                0.021294	  ,               0.003062	
                0.004589	  ,               0.008393	
               -0.020081	  ,               0.009327	
               -0.049848	  ,               0.005166	
               -0.061684	  ,               0.007431	
               -0.050834	  ,               0.006803	
               -0.041028	  ,               0.005148	
               -0.032244	  ,              -0.000064	
               -0.013139	  ,              -0.000723	
               -0.005865	  ,              -0.010181	
               -0.008076	  ,              -0.011533	
               -0.006071	  ,              -0.015260	
               -0.000525	  ,              -0.009699	
                0.011285	  ,              -0.006679	
                0.025102	  ,              -0.009425	
                0.015723	  ,              -0.008634	
                0.007197	  ,              -0.006494	
               -0.003544	  ,              -0.004521	
               -0.004992	  ,               0.002344	
               -0.008808	  ,               0.008695	
               -0.021449	  ,               0.021471	
               -0.016512	  ,               0.030685	
                0.006374	  ,               0.035668	
                0.016069	  ,               0.034039	
                0.024746	  ,               0.035286	
                0.021911	  ,               0.028913	
                0.019423	  ,               0.011707	
                0.008145	  ,              -0.020713	
               -0.018526	  ,              -0.042800	
               -0.022198	  ,              -0.062862	
               -0.012507	  ,              -0.044860	
               -0.003823	  ,              -0.028561	
               -0.001246	  ,              -0.031557	
               -0.008651	  ,              -0.028974	
               -0.019946	  ,              -0.006761	
               -0.005868	  ,              -0.004001	
                0.007049	  ,              -0.001423	
                0.008635	  ,              -0.003933	
                0.016120	  ,              -0.010664	
                0.009045	  ,              -0.000666	
                0.002640	  ,               0.004748	
               -0.005283	  ,               0.002864	
               -0.008469	  ,               0.007242	
               -0.002178	  ,               0.005714	
                0.003597	  ,               0.006733	
                0.007167	  ,               0.007577	
                0.002113	  ,               0.010483	
                0.010254	  ,               0.005829	
                0.009085	  ,               0.003251	
                0.009970	  ,               0.006942	
                0.012562	  ,               0.002020	
                0.014997	  ,               0.006245	
                0.003393	  ,               0.003360	
               -0.015309	  ,               0.002831	
               -0.003054	  ,               0.004974	
                0.003459	  ,               0.003723	
                0.001380	  ,               0.001093	
               -0.007943	  ,               0.000634	
               -0.006266	  ,               0.005585	
               -0.007822	  ,               0.006126	
               -0.006489	  ,               0.010200	
               -0.007691	  ,               0.007199	
                0.004827	  ,               0.010648	
                0.009903	  ,               0.009412	
                0.002287	  ,               0.006503	
                0.006350	  ,               0.000735	
                0.007516	  ,               0.004958	
               -0.002791	  ,               0.005681	
                0.004181	  ,               0.006462	
                0.007989	  ,               0.004911	
                0.004883	  ,               0.004540	
                0.010217	  ,               0.008192	
                0.009480	  ,               0.003182	
                0.010489	  ,               0.006738	
                0.008458	  ,               0.007234	
                0.005086	  ,              -0.000416	
               -0.004199	  ,              -0.012001	
               -0.008083	  ,              -0.007537	
               -0.011651	  ,              -0.006282	
               -0.014746	  ,              -0.000046	
               -0.007334	  ,               0.005613	
               -0.006307	  ,               0.004772	
               -0.000197	  ,              -0.005279	
                0.004567	  ,              -0.005666	
               -0.003679	  ,               0.001548	
               -0.006657	  ,               0.005558	
               -0.003356	  ,              -0.001903	
                0.007198	  ,               0.005721	
                0.014364	  ,               0.016393	
                0.015775	  ,               0.026352	
                0.019209	  ,               0.020410	
                0.018401	  ,               0.010397	
                0.017741	  ,               0.006612	
                0.020460	  ,               0.003156	
                0.019984	  ,              -0.011463	
                0.012426	  ,              -0.037735	
                0.001134	  ,              -0.055548	
               -0.015582	  ,              -0.045467	
               -0.021998	  ,              -0.042357	
               -0.023861	  ,              -0.039428	
               -0.025564	  ,              -0.021969	
               -0.030488	  ,              -0.006223	
               -0.028828	  ,               0.016452	
               -0.019076	  ,               0.025399	
               -0.015258	  ,               0.039241	
               -0.011931	  ,               0.051716	
                0.003912	  ,               0.045228	
                0.033293	  ,               0.047354	
                0.029499	  ,               0.049297	
                0.026045	  ,               0.027370	
                0.016314	  ,               0.012531	
                0.019255	  ,              -0.012139	
                0.027417	  ,              -0.015343	
                0.025100	  ,              -0.018230	
                0.027337	  ,              -0.015547	
                0.000798	  ,              -0.037922	
               -0.017303	  ,              -0.058795	
               -0.040327	  ,              -0.061575	
               -0.043252	  ,              -0.039325	
               -0.024194	  ,              -0.000349	
               -0.021896	  ,               0.026099	
               -0.033147	  ,               0.059800	
               -0.023096	  ,               0.055260	
               -0.021348	  ,               0.058993	
               -0.023174	  ,               0.069659	
               -0.012658	  ,               0.059667	
               -0.000291	  ,               0.032402	
                0.011388	  ,              -0.022457	
                0.003599	  ,              -0.077310	
               -0.011814	  ,              -0.098846	
               -0.005911	  ,              -0.118357	
               -0.004233	  ,              -0.101165	
               -0.012877	  ,              -0.064180	
               -0.026928	  ,              -0.040244	
               -0.021529	  ,              -0.044899	
                0.003647	  ,              -0.049047	
                0.006998	  ,              -0.038466	
                0.010009	  ,              -0.008955	
                0.006937	  ,               0.002626	
                0.009452	  ,               0.013196	
                0.016525	  ,               0.029350	
                0.014129	  ,               0.031961	
                0.003776	  ,               0.023567	
               -0.009458	  ,               0.006043	
               -0.001209	  ,               0.003573	
                0.000107	  ,               0.013441	
                0.012409	  ,               0.026174	
                0.013867	  ,               0.024203	
                0.012111	  ,               0.028518	
                0.010538	  ,               0.029637	
                0.011517	  ,               0.025710	
                0.014535	  ,               0.028741	
                0.007072	  ,               0.023341	
               -0.001564	  ,               0.022361	
               -0.000702	  ,               0.019702	
               -0.010315	  ,               0.015863	
               -0.006714	  ,               0.013731	
               -0.010015	  ,               0.016668	
               -0.002804	  ,               0.014863	
                0.003557	  ,               0.016271	
                0.011267	  ,               0.013100	
                0.003900	  ,               0.015001	
                0.006530	  ,               0.009113	
                0.003925	  ,               0.008147	
                0.010798	  ,               0.007361	
                0.011589	  ,               0.003713	
                0.015743	  ,              -0.002127	
                0.014994	  ,               0.001514	
                0.014243	  ,              -0.003447	
                0.011147	  ,               0.000771	
                0.011637	  ,              -0.000871	
                0.009104	  ,              -0.002324	
                0.012158	  ,              -0.007299	
                0.005776	  ,              -0.002308	
                0.001258	  ,              -0.002723	
               -0.002905	  ,              -0.000935	
               -0.000616	  ,              -0.006592	
                0.001532	  ,              -0.004328	
               -0.004086	  ,              -0.002263	
               -0.004620	  ,              -0.000561	
               -0.005164	  ,              -0.006964	
               -0.008073	  ,              -0.000995	
               -0.005055	  ,              -0.003095	
               -0.003393	  ,              -0.000907	
               -0.004950	  ,              -0.009339	
               -0.002603	  ,              -0.004903	
               -0.003620	  ,              -0.002991	
               -0.005308	  ,              -0.002248	
               -0.001924	  ,              -0.002311	
               -0.006494	  ,              -0.003219	
               -0.004632	  ,              -0.003963	
               -0.003959	  ,              -0.008939	
               -0.003295	  ,              -0.006474	
               -0.006189	  ,              -0.002686	
               -0.003172	  ,              -0.002978	
                0.002727	  ,              -0.008029	
               -0.001362	  ,              -0.005800	
               -0.006451	  ,              -0.002560	
               -0.006985	  ,              -0.007628	
               -0.003814	  ,              -0.001030	
               -0.000824	  ,              -0.003414	
                0.002835	  ,              -0.001080	
                0.000739	  ,              -0.002988	
                0.002016	  ,               0.001347	
               -0.002139	  ,              -0.003808	
               -0.008495	  ,              -0.005761	
               -0.004216	  ,              -0.001473	
               -0.003495	  ,              -0.000910	
               -0.001441	  ,              -0.003396	
                0.008046	  ,              -0.004545	
                0.001097	  ,              -0.002493	
                0.002240	  ,              -0.002827	
               -0.001032	  ,               0.002418	
               -0.002102	  ,               0.006118	
                0.000534	  ,               0.002540	
               -0.002057	  ,               0.003009	
               -0.001427	  ,               0.003465	
               -0.002137	  ,               0.003912	
               -0.000476	  ,              -0.002240	
               -0.002209	  ,               0.003603	
               -0.000731	  ,               0.001314	
               -0.007705	  ,               0.003251	
                0.001743	  ,              -0.002593	
               -0.001996	  ,              -0.003355	
               -0.003031	  ,              -0.011208	
               -0.008304	  ,              -0.006013	
               -0.007485	  ,              -0.008759	
               -0.013407	  ,              -0.004585	
               -0.009688	  ,              -0.002414	
               -0.001926	  ,              -0.001757	
               -0.000944	  ,               0.001286	
               -0.000100	  ,               0.001798	
                0.000740	  ,               0.002313	
                0.001410	  ,               0.001126	
                0.004971	  ,              -0.000901	
                0.001938	  ,               0.001623	
                0.003622	  ,              -0.003624	
                0.002079	  ,               0.000095	
               -0.000979	  ,               0.005006	
                0.002919	  ,               0.008064	
                0.003442	  ,               0.000470	
               -0.001601	  ,               0.005733	
               -0.002250	  ,               0.001204	
               -0.001717	  ,               0.009043	
                0.002380	  ,               0.003867	
               -0.003340	  ,               0.004780	
                0.001945	  ,               0.005688	
                0.006912	  ,               0.002032	
                0.007468	  ,               0.002771	
                0.007009	  ,               0.002322	
                0.005545	  ,               0.002896	
                0.002551	  ,               0.001430	
                0.005482	  ,               0.002677	
                0.004552	  ,               0.000712	
                0.009893	  ,               0.003320	
                0.012180	  ,              -0.001869	
                0.018655	  ,              -0.004007	
                0.022927	  ,               0.000968	
                0.034474	  ,               0.004089	
                0.042987	  ,               0.007043	
                0.035462	  ,               0.003568	
                0.023008	  ,               0.009742	
                0.021424	  ,               0.005598	
                0.004638	  ,               0.009400	
               -0.006413	  ,               0.010146	
               -0.016445	  ,               0.008526	
               -0.021912	  ,               0.008087	
               -0.016752	  ,               0.011712	
               -0.018239	  ,               0.017870	
               -0.022269	  ,               0.013700	
               -0.031032	  ,               0.008524	
               -0.029978	  ,              -0.000722	
               -0.028913	  ,              -0.006926	
               -0.020420	  ,              -0.019405	
               -0.019378	  ,              -0.021067	
               -0.028808	  ,              -0.010393	
               -0.019978	  ,              -0.022891	
               -0.007412	  ,              -0.021184	
                0.004470	  ,              -0.025737	
               -0.012380	  ,              -0.027073	
               -0.005703	  ,              -0.018258	
                0.000468	  ,              -0.007933	
               -0.005046	  ,              -0.006579	
               -0.003317	  ,               0.002206	
                0.013634	  ,               0.001176	
                0.020943	  ,               0.004365	
                0.014352	  ,               0.001301	
                0.004197	  ,              -0.001430	
               -0.001407	  ,              -0.002293	
               -0.006513	  ,              -0.000126	
                0.001053	  ,              -0.010813	
                0.005065	  ,              -0.015428	
               -0.001246	  ,              -0.014129	
                0.006471	  ,              -0.007933	
                0.005381	  ,              -0.002409	
               -0.008738	  ,               0.000564	
                0.001318	  ,               0.006915	
                0.003069	  ,               0.007683	
                0.001254	  ,               0.008277	
                0.008734	  ,               0.013103	
                0.007234	  ,               0.009982	
               -0.011864	  ,               0.007019	
               -0.014724	  ,               0.006419	
               -0.007603	  ,               0.012415	
                0.016934	  ,               0.006389	
                0.020000	  ,               0.004091	
                0.017004	  ,               0.000437	
                0.008742	  ,              -0.002718	
               -0.008659	  ,              -0.001137	
                0.002351	  ,              -0.003787	
               -0.024356	  ,              -0.004251	
               -0.035360	  ,               0.002052	
               -0.019150	  ,               0.008345	
               -0.016477	  ,               0.002266	
               -0.013999	  ,               0.001417	
                0.008098	  ,              -0.002324	
                0.034941	  ,              -0.002010	
                0.031179	  ,              -0.000517	
                0.021178	  ,              -0.005455	
                0.012204	  ,              -0.001442	
               -0.001662	  ,              -0.001169	
                0.010532	  ,               0.003303	
                0.008191	  ,               0.006077	
               -0.006151	  ,               0.007479	
               -0.004404	  ,               0.004646	
               -0.012970	  ,               0.003148	
               -0.011542	  ,               0.002509	
               -0.024113	  ,              -0.001337	
               -0.025847	  ,              -0.004677	
               -0.024364	  ,               0.000606	
               -0.014751	  ,              -0.000364	
                0.004188	  ,               0.002916	
                0.001492	  ,              -0.001556	
               -0.000869	  ,              -0.000092	
                0.010316	  ,              -0.007043	
                0.012365	  ,              -0.009913	
                0.014240	  ,              -0.014255	
                0.012563	  ,              -0.004365	
                0.017138	  ,              -0.008473	
                0.010195	  ,              -0.004774	
                0.003929	  ,              -0.001561	
                0.007133	  ,              -0.002565	
                0.008134	  ,              -0.005231	
                0.007263	  ,              -0.002637	
                0.008095	  ,              -0.003219	
                0.015026	  ,              -0.005123	
                0.017715	  ,              -0.006664	
                0.015171	  ,              -0.009344	
                0.015850	  ,              -0.012667	
                0.009426	  ,              -0.005482	
                0.003521	  ,              -0.004181	
               -0.000197	  ,              -0.003037	
                0.000474	  ,               0.001505	
               -0.008996	  ,              -0.001885	
               -0.027080	  ,              -0.003547	
               -0.009785	  ,               0.001063	
               -0.007553	  ,               0.004327	
               -0.001440	  ,               0.006232	
               -0.007006	  ,               0.013555	
                0.001454	  ,               0.008707	
                0.002990	  ,               0.015538	
                0.001632	  ,               0.023727	
                0.007881	  ,               0.029389	
                0.004675	  ,               0.032514	
               -0.002593	  ,               0.028689	
               -0.007166	  ,               0.025365	
               -0.009686	  ,               0.023726	
               -0.010323	  ,               0.029857	
               -0.012314	  ,               0.032420	
               -0.012783	  ,               0.040554	
               -0.008681	  ,               0.033622	
               -0.005075	  ,               0.036663	
               -0.002785	  ,               0.031064	
                0.000175	  ,               0.039832	
               -0.005515	  ,               0.034542	
               -0.018290	  ,               0.021117	
               -0.008897	  ,               0.023232	
               -0.000352	  ,               0.025147	
               -0.010938	  ,               0.020781	
               -0.014915	  ,               0.014014	
               -0.016005	  ,               0.002840	
               -0.010324	  ,              -0.004610	
               -0.011221	  ,              -0.022554	
                0.002945	  ,              -0.029675	
                0.009157	  ,              -0.049826	
                0.003702	  ,              -0.052412	
                0.003830	  ,              -0.065003	
                0.012400	  ,              -0.062539	
                0.010972	  ,              -0.055842	
                0.017981	  ,              -0.049657	
                0.021769	  ,              -0.051409	
                0.022826	  ,              -0.039470	
                0.017620	  ,              -0.040921	
                0.009188	  ,              -0.039515	
                0.010229	  ,              -0.035753	
                0.009248	  ,              -0.043534	
                0.004740	  ,              -0.046601	
                0.002266	  ,              -0.040209	
                0.000123	  ,              -0.042804	
                0.006609	  ,              -0.034424	
                0.002423	  ,              -0.028960	
               -0.001267	  ,              -0.023860	
               -0.001922	  ,              -0.028606	
               -0.002414	  ,              -0.024574	
                0.001647	  ,              -0.014811	
                0.003162	  ,               0.000186	
                0.000986	  ,               0.006025	
                0.001366	  ,               0.011343	
                0.001752	  ,               0.012783	
                0.000785	  ,               0.017150	
                0.003887	  ,               0.018304	
                0.005798	  ,               0.024350	
                0.010413	  ,               0.029715	
                0.018758	  ,               0.032525	
                0.013243	  ,               0.033114	
                0.006048	  ,               0.037069	
               -0.002344	  ,               0.042041	
               -0.012590	  ,               0.039755	
               -0.019457	  ,               0.041224	
               -0.030744	  ,               0.036948	
               -0.041357	  ,               0.037239	
               -0.031664	  ,               0.034782	
               -0.017767	  ,               0.033312	
               -0.023313	  ,               0.028783	
               -0.024974	  ,               0.028998	
               -0.014290	  ,               0.034437	
               -0.004606	  ,               0.030376	
               -0.005726	  ,               0.034946	
               -0.004640	  ,               0.026338	
                0.002695	  ,               0.008954	
                0.001892	  ,               0.001405	
               -0.003995	  ,              -0.010030	
               -0.001770	  ,              -0.016398	
                0.000277	  ,              -0.011088	
               -0.000206	  ,              -0.006256	
                0.008625	  ,              -0.017147	
                0.014904	  ,              -0.021401	
                0.025242	  ,              -0.027824	
                0.018333	  ,              -0.040469	
                0.024613	  ,              -0.035493	
                0.023600	  ,              -0.024915	
                0.024617	  ,              -0.020907	
                0.018183	  ,              -0.019746	
                0.008707	  ,              -0.002668	
               -0.007707	  ,              -0.000288	
               -0.009926	  ,              -0.002437	
               -0.007936	  ,              -0.000331	
               -0.009852	  ,               0.001591	
               -0.004829	  ,               0.020276	
               -0.000312	  ,               0.022709	
                0.003700	  ,               0.029386	
                0.007358	  ,               0.027426	
                0.010508	  ,               0.021910	
                0.007392	  ,               0.013499	
               -0.001147	  ,               0.018125	
               -0.009010	  ,               0.014157	
               -0.008086	  ,              -0.004625	
               -0.009028	  ,              -0.040120	
               -0.008283	  ,              -0.044654	
               -0.003149	  ,              -0.031287	
               -0.002586	  ,              -0.027270	
               -0.005746	  ,              -0.016347	
               -0.014653	  ,              -0.006468	
               -0.023544	  ,              -0.003548	
               -0.013287	  ,              -0.011623	
               -0.014715	  ,              -0.023935	
               -0.008531	  ,              -0.039467	
                0.006276	  ,              -0.037435	
                0.008240	  ,              -0.028154	
                0.006319	  ,              -0.002797	
                0.021474	  ,               0.015311	
                0.011260	  ,               0.018535	
                0.013071	  ,               0.015659	
                0.007943	  ,               0.023772	
               -0.009047	  ,               0.031066	
               -0.015710	  ,               0.028908	
               -0.013719	  ,               0.018796	
               -0.011858	  ,               0.005809	
               -0.000016	  ,              -0.006002	
                0.004560	  ,              -0.004494	
                0.011533	  ,               0.007955	
                0.012768	  ,               0.006190	
                0.011818	  ,              -0.001519	
                0.002416	  ,              -0.000272	
                0.003664	  ,              -0.006631	
                0.000505	  ,              -0.009924	
               -0.004681	  ,              -0.008992	
               -0.005128	  ,              -0.001823	
                0.005260	  ,               0.006557	
                0.001257	  ,               0.003290	
                0.000123	  ,               0.006321	
               -0.010150	  ,               0.007209	
               -0.014169	  ,               0.006432	
               -0.005346	  ,              -0.004999	
                0.004981	  ,              -0.013347	
                0.009033	  ,               0.006757	
                0.002761	  ,               0.009634	
               -0.000463	  ,               0.022148	
                0.000541	  ,               0.020103	
                0.006973	  ,               0.030426	
                0.002750	  ,               0.032432	
                0.006474	  ,               0.037647	
                0.011390	  ,               0.027093	
                0.010905	  ,               0.006362	
                0.014988	  ,              -0.032662	
                0.013460	  ,              -0.048508	
                0.013808	  ,              -0.043723	
                0.015868	  ,              -0.021698	
                0.014030	  ,               0.006250	
                0.013045	  ,               0.017133	
                0.007988	  ,               0.027031	
               -0.002649	  ,               0.030024	
               -0.019551	  ,               0.016470	
               -0.012940	  ,               0.009355	
               -0.014967	  ,               0.002918	
               -0.013097	  ,               0.013206	
               -0.021552	  ,               0.015184	
               -0.020042	  ,               0.000050	
               -0.010434	  ,              -0.026416	
               -0.009318	  ,              -0.029863	
               -0.003836	  ,              -0.026543	
                0.011763	  ,              -0.023583	
                0.022741	  ,              -0.042656	
                0.016440	  ,              -0.049926	
                0.006918	  ,              -0.038788	
               -0.011923	  ,              -0.036787	
               -0.009813	  ,              -0.023812	
               -0.012274	  ,               0.001471	
               -0.022655	  ,               0.026732	
               -0.028412	  ,               0.023401	
               -0.033590	  ,               0.032100	
               -0.029061	  ,               0.034749	
               -0.016534	  ,               0.032323	
               -0.008059	  ,               0.021100	
               -0.003435	  ,               0.019020	
               -0.001969	  ,               0.032029	
               -0.003018	  ,               0.013440	
               -0.001876	  ,              -0.003803	
                0.003489	  ,              -0.014931	
                0.002772	  ,              -0.033295	
                0.003737	  ,              -0.035615	
                0.006037	  ,              -0.024423	
                0.011034	  ,              -0.030503	
                0.011628	  ,              -0.039827	
                0.014603	  ,              -0.048315	
                0.014231	  ,              -0.031445	
                0.014036	  ,              -0.015936	
                0.007737	  ,              -0.013977	
                0.008717	  ,               0.006403	
                0.011379	  ,               0.009007	
                0.006259	  ,               0.026154	
               -0.001409	  ,               0.032628	
               -0.004345	  ,               0.034527	
                0.009802	  ,               0.028811	
               -0.004305	  ,               0.023621	
               -0.013504	  ,               0.018920	
               -0.004941	  ,               0.000698	
               -0.006360	  ,              -0.006647	
                0.006274	  ,              -0.008887	
                0.004712	  ,              -0.019051	
                0.006351	  ,              -0.024643	
                0.002391	  ,              -0.019577	
                0.006192	  ,              -0.015027	
                0.009469	  ,              -0.002548	
                0.012587	  ,               0.005899	
                0.022977	  ,               0.016543	
                0.038285	  ,               0.017873	
                0.048503	  ,               0.014140	
                0.054159	  ,               0.024464	
                0.066082	  ,               0.037002	
                0.073771	  ,               0.048876	
                0.069789	  ,               0.053484	
                0.050929	  ,               0.057580	
                0.037308	  ,               0.041195	
                0.039747	  ,               0.034621	
                0.033186	  ,               0.036700	
                0.006653	  ,               0.027460	
               -0.026147	  ,               0.012319	
               -0.065880	  ,              -0.006021	
               -0.092425	  ,              -0.028252	
               -0.106802	  ,              -0.031058	
               -0.093610	  ,              -0.033713	
               -0.105459	  ,              -0.036055	
               -0.116285	  ,              -0.056358	
               -0.106460	  ,              -0.070100	
               -0.079384	  ,              -0.052902	
               -0.054013	  ,              -0.055154	
               -0.037628	  ,              -0.065381	
               -0.021592	  ,              -0.039574	
               -0.000821	  ,              -0.019131	
                0.007249	  ,              -0.005465	
                0.014464	  ,               0.011743	
                0.016594	  ,               0.009523	
                0.002316	  ,               0.015602	
                0.004086	  ,               0.028615	
                0.012451	  ,               0.033688	
                0.010819	  ,               0.041321	
                0.020339	  ,               0.037316	
                0.023927	  ,               0.033645	
                0.027007	  ,               0.032704	
                0.029908	  ,               0.027524	
                0.030602	  ,               0.013566	
                0.027897	  ,              -0.012908	
                0.024014	  ,              -0.016389	
                0.018954	  ,              -0.019554	
                0.015740	  ,              -0.034422	
                0.006765	  ,              -0.026309	
               -0.004740	  ,              -0.019063	
                0.002693	  ,              -0.012505	
                0.009463	  ,              -0.006469	
                0.015554	  ,              -0.000963	
                0.016410	  ,               0.004003	
                0.013193	  ,              -0.016116	
                0.013880	  ,              -0.013588	
                0.005953	  ,               0.003469	
                0.011055	  ,              -0.003352	
                0.008215	  ,              -0.017815	
                0.007253	  ,              -0.031125	
                0.007818	  ,              -0.026333	
                0.005676	  ,              -0.015895	
                0.003871	  ,              -0.000764	
                0.004260	  ,               0.005303	
               -0.000615	  ,               0.010839	
                0.008704	  ,               0.009101	
               -0.001113	  ,               0.007517	
                0.002444	  ,               0.006100	
               -0.003302	  ,               0.012324	
               -0.006518	  ,               0.020092	
               -0.002133	  ,               0.027323	
               -0.001479	  ,               0.031832	
                0.003591	  ,               0.035974	
                0.001415	  ,               0.038087	
               -0.005605	  ,               0.041577	
               -0.006514	  ,               0.037310	
               -0.002316	  ,               0.028488	
                0.002942	  ,               0.022217	
                0.002340	  ,               0.005143	
               -0.000591	  ,              -0.032068	
               -0.000953	  ,              -0.026864	
               -0.001299	  ,              -0.012521	
               -0.001468	  ,              -0.016981	
               -0.006885	  ,              -0.020928	
                0.000209	  ,              -0.017414	
               -0.004214	  ,              -0.020664	
               -0.001558	  ,              -0.017784	
               -0.000757	  ,              -0.025789	
               -0.004157	  ,              -0.018309	
               -0.007018	  ,              -0.020286	
               -0.003924	  ,              -0.013968	
               -0.005233	  ,              -0.019339	
               -0.001990	  ,              -0.020814	
               -0.008247	  ,              -0.016026	
               -0.005393	  ,              -0.008908	
               -0.004396	  ,               0.002643	
               -0.002059	  ,               0.010490	
                0.000092	  ,               0.009365	
                0.004403	  ,               0.010770	
                0.002748	  ,               0.016585	
                0.002272	  ,               0.024118	
               -0.002751	  ,               0.038449	
                0.003726	  ,               0.065321	
               -0.002147	  ,               0.069199	
               -0.007346	  ,               0.072735	
               -0.005269	  ,               0.075918	
               -0.004718	  ,               0.078967	
               -0.007559	  ,               0.076977	
               -0.006993	  ,               0.052681	
               -0.006574	  ,               0.003514	
               -0.002577	  ,              -0.074421	
               -0.000964	  ,              -0.105170	
                0.004188	  ,              -0.076394	
                0.000718	  ,              -0.067437	
                0.006561	  ,              -0.059342	
                0.002919	  ,              -0.051945	
                0.002321	  ,              -0.058109	
               -0.000659	  ,              -0.063620	
                0.001111	  ,              -0.036832	
                0.003704	  ,              -0.022223	
                0.001544	  ,               0.000016	
                0.003620	  ,               0.012104	
               -0.002080	  ,               0.008780	
                0.003892	  ,               0.005758	
                0.003273	  ,               0.003027	
                0.004014	  ,               0.005860	
                0.001041	  ,               0.018316	
                0.003994	  ,               0.033956	
                0.002545	  ,               0.064618	
                0.006838	  ,               0.077822	
                0.013318	  ,               0.097757	
                0.016067	  ,               0.087229	
                0.018641	  ,               0.069093	
                0.020869	  ,               0.052628	
                0.021573	  ,               0.019564	
                0.012139	  ,              -0.046670	
               -0.005927	  ,              -0.094132	
               -0.028231	  ,              -0.085623	
               -0.043095	  ,              -0.077989	
               -0.034955	  ,              -0.056817	
               -0.022595	  ,              -0.050544	
               -0.007014	  ,              -0.044951	
                0.003151	  ,              -0.018567	
               -0.006141	  ,              -0.042952	
               -0.004449	  ,              -0.038764	
                0.000113	  ,              -0.019022	
                0.018206	  ,              -0.008420	
                0.035452	  ,               0.001145	
                0.024269	  ,              -0.001987	
                0.010038	  ,              -0.010375	
                0.011872	  ,              -0.013026	
                0.010139	  ,              -0.011115	
                0.005530	  ,              -0.001256	
               -0.001446	  ,               0.000318	
               -0.002687	  ,              -0.015221	
               -0.003771	  ,              -0.021636	
               -0.017528	  ,              -0.035009	
               -0.030603	  ,              -0.030307	
               -0.042503	  ,              -0.020049	
               -0.025643	  ,              -0.002377	
               -0.014533	  ,               0.019474	
               -0.016617	  ,               0.039743	
               -0.018539	  ,               0.041917	
               -0.010132	  ,               0.043813	
               -0.002580	  ,               0.045575	
                0.001421	  ,               0.043133	
               -0.004916	  ,               0.033444	
                0.007531	  ,               0.021231	
                0.015903	  ,               0.000911	
                0.011257	  ,              -0.007518	
                0.007124	  ,              -0.005431	
                0.008226	  ,               0.005488	
                0.000361	  ,               0.019469	
               -0.006991	  ,               0.013661	
               -0.009787	  ,               0.004986	
               -0.009027	  ,               0.003246	
               -0.002183	  ,               0.007109	
                0.002285	  ,               0.005741	
                0.006411	  ,               0.000003	
                0.010024	  ,               0.007155	
                0.010596	  ,               0.004322	
                0.012181	  ,               0.006737	
                0.006828	  ,               0.008792	
                0.001813	  ,               0.010660	
                0.000009	  ,               0.003547	
                0.006317	  ,               0.009779	
                0.005353	  ,               0.015475	
                0.003038	  ,               0.005268	
                0.004950	  ,               0.003741	
                0.000624	  ,              -0.000101	
                0.000056	  ,              -0.001181	
                0.002570	  ,               0.001837	
                0.003771	  ,               0.006405	
                0.006665	  ,               0.005601	
                0.005656	  ,               0.003443	
                0.004643	  ,               0.008417	
                0.007707	  ,               0.000228	
                0.006740	  ,              -0.002859	
                0.004415	  ,              -0.001701	
                0.009528	  ,              -0.006113	
                0.001767	  ,              -0.008500	
                0.000779	  ,              -0.010541	
                0.005376	  ,              -0.006833	
                0.006258	  ,              -0.013602	
               -0.003711	  ,              -0.010718	
               -0.007769	  ,              -0.006311	
               -0.004042	  ,              -0.003927	
               -0.005070	  ,              -0.007303	
               -0.006085	  ,              -0.004068	
               -0.005242	  ,               0.001385	
               -0.000984	  ,               0.000927	
               -0.006179	  ,              -0.000518	
               -0.004101	  ,              -0.000765	
               -0.003540	  ,               0.003056	
                0.004133	  ,               0.003672	
               -0.003059	  ,               0.004262	
                0.003466	  ,               0.007011	
               -0.002367	  ,               0.001945	
               -0.004461	  ,               0.001415	
               -0.000819	  ,              -0.003381	
               -0.000228	  ,              -0.003791	
               -0.006599	  ,              -0.004193	
                0.004600	  ,              -0.006587	
                0.000060	  ,              -0.002202	
                0.004136	  ,              -0.007321	
                0.005324	  ,              -0.003669	
                0.008538	  ,              -0.009305	
                0.009555	  ,              -0.012926	
                0.006855	  ,              -0.005079	
                0.009399	  ,              -0.002012	
                0.008740	  ,              -0.001177	
                0.006725	  ,              -0.002094	
                0.006259	  ,              -0.000844	
                0.008039	  ,              -0.000265	
               -0.000665	  ,              -0.003885	
               -0.009363	  ,              -0.002246	
               -0.012455	  ,              -0.001747	
               -0.021806	  ,              -0.004196	
               -0.025418	  ,              -0.003667	
               -0.028524	  ,              -0.003132	
               -0.033653	  ,               0.000577	
               -0.019512	  ,               0.002907	
               -0.009285	  ,               0.003405	
                0.000062	  ,               0.002578	
               -0.004991	  ,               0.004455	
               -0.009539	  ,               0.001577	
                0.002998	  ,               0.002755	
               -0.002069	  ,              -0.001677	
                0.002510	  ,               0.002693	
                0.001179	  ,               0.002328	
                0.000020	  ,               0.010231	
               -0.003181	  ,               0.011354	
                0.012567	  ,               0.006232	
                0.019185	  ,              -0.000042	
                0.017182	  ,              -0.002428	
                0.022795	  ,               0.002965	
                0.010994	  ,               0.002442	
                0.012575	  ,               0.000903	
                0.008594	  ,               0.006315	
                0.004936	  ,              -0.002814	
                0.008188	  ,              -0.006346	
                0.005178	  ,              -0.016488	
                0.007926	  ,              -0.025966	
               -0.001484	  ,              -0.011932	
               -0.007653	  ,               0.004982	
               -0.004330	  ,               0.011746	
               -0.007301	  ,               0.017982	
                0.004945	  ,               0.023678	
                0.003299	  ,               0.022047	
                0.013992	  ,               0.014461	
                0.023680	  ,              -0.006344	
                0.017460	  ,              -0.009266	
                0.016477	  ,               0.004336	
                0.019574	  ,               0.011464	
                0.018771	  ,              -0.004255	
                0.016270	  ,               0.005730	
                0.011047	  ,               0.022324	
                0.007509	  ,               0.037761	
               -0.001960	  ,               0.051926	
               -0.003316	  ,               0.072483	
               -0.022271	  ,               0.075358	
               -0.052406	  ,               0.053168	
               -0.048552	  ,               0.020284	
               -0.045039	  ,              -0.001644	
               -0.048292	  ,              -0.029517	
               -0.039549	  ,              -0.084144	
               -0.025913	  ,              -0.138782	
               -0.018707	  ,              -0.117478	
               -0.020981	  ,              -0.072355	
               -0.006851	  ,              -0.043150	
                0.009815	  ,              -0.048447	
                0.030039	  ,              -0.053249	
                0.038097	  ,              -0.040135	
                0.030769	  ,              -0.020272	
                0.024115	  ,              -0.009573	
                0.026091	  ,               0.006680	
                0.016736	  ,               0.003630	
                0.004847	  ,               0.006148	
                0.003250	  ,               0.018295	
                0.004522	  ,               0.024709	
                0.000708	  ,               0.014385	
               -0.000411	  ,              -0.002503	
               -0.005772	  ,              -0.000421	
               -0.012322	  ,               0.005556	
               -0.016691	  ,               0.007296	
               -0.022089	  ,               0.008878	
               -0.030031	  ,              -0.001872	
               -0.014477	  ,              -0.003322	
                0.005634	  ,              -0.007165	
                0.008138	  ,               0.000499	
                0.000664	  ,               0.007645	
               -0.010671	  ,               0.006670	
               -0.025038	  ,               0.004010	
               -0.027045	  ,               0.001682	
               -0.005204	  ,               0.012212	
                0.003457	  ,               0.029003	
                0.011455	  ,               0.049194	
                0.013709	  ,               0.057204	
                0.007027	  ,               0.054730	
                0.009006	  ,               0.070172	
                0.007122	  ,               0.084234	
               -0.001352	  ,               0.089629	
                0.000140	  ,               0.074209	
                0.004171	  ,               0.055574	
                0.010395	  ,               0.033045	
                0.011355	  ,              -0.000155	
                0.012297	  ,              -0.057720	
                0.009521	  ,              -0.128499	
                0.008615	  ,              -0.157166	
                0.012271	  ,              -0.114253	
                0.012890	  ,              -0.075349	
                0.008591	  ,              -0.039988	
                0.004441	  ,              -0.020886	
                0.004708	  ,              -0.005875	
                0.005154	  ,              -0.000338	
                0.002915	  ,               0.004692	
                0.001737	  ,               0.018857	
                0.004302	  ,               0.023065	
                0.004002	  ,               0.011109	
               -0.001026	  ,               0.014665	
               -0.000294	  ,               0.017981	
               -0.000736	  ,               0.020957	
                0.002222	  ,               0.029196	
               -0.005462	  ,               0.036609	
               -0.010967	  ,               0.034585	
               -0.007832	  ,               0.032761	
                0.004471	  ,               0.027433	
                0.006314	  ,               0.009090	
                0.007968	  ,              -0.003004	
                0.009463	  ,              -0.023062	
                0.010789	  ,              -0.036532	
                0.016529	  ,              -0.038691	
                0.021937	  ,              -0.031905	
                0.019368	  ,              -0.033748	
                0.016945	  ,              -0.035423	
                0.013343	  ,              -0.026791	
                0.014136	  ,              -0.006651	
                0.013748	  ,              -0.003778	
                0.005092	  ,              -0.001250	
               -0.013694	  ,               0.001091	
               -0.021635	  ,              -0.004873	
               -0.023843	  ,               0.000805	
               -0.021505	  ,               0.012730	
               -0.027478	  ,               0.020369	
               -0.025526	  ,               0.010699	
               -0.023756	  ,               0.011819	
               -0.028246	  ,               0.008517	
               -0.040686	  ,               0.013655	
               -0.042320	  ,               0.021967	
               -0.031618	  ,               0.032066	
               -0.019064	  ,               0.033171	
               -0.013973	  ,               0.036615	
               -0.003318	  ,               0.035304	
                0.011915	  ,               0.029778	
                0.022111	  ,               0.034160	
                0.016632	  ,               0.046954	
                0.011692	  ,               0.048892	
                0.013356	  ,               0.027029	
                0.012125	  ,              -0.005909	
                0.015938	  ,              -0.019100	
                0.021621	  ,              -0.022951	
                0.022735	  ,              -0.019263	
                0.027371	  ,              -0.022285	
                0.019641	  ,              -0.024912	
                0.003948	  ,              -0.032668	
                0.006166	  ,              -0.044601	
                0.008194	  ,              -0.042015	
                0.006302	  ,              -0.060128	
                0.011326	  ,              -0.077091	
                0.012806	  ,              -0.052176	
                0.008719	  ,              -0.042149	
               -0.002682	  ,              -0.027052	
                0.001801	  ,              -0.024139	
               -0.013541	  ,              -0.026319	
               -0.032126	  ,              -0.037287	
               -0.049536	  ,              -0.035048	
               -0.034124	  ,              -0.018133	
               -0.032225	  ,               0.002253	
               -0.023048	  ,               0.010409	
               -0.028260	  ,               0.017678	
               -0.023845	  ,               0.019853	
               -0.003206	  ,               0.021862	
                0.011533	  ,               0.023742	
                0.008729	  ,               0.028889	
                0.011037	  ,               0.021385	
                0.008807	  ,               0.020137	
                0.006779	  ,               0.021468	
                0.004973	  ,               0.027229	
               -0.006778	  ,               0.036870	
                0.000939	  ,               0.050896	
                0.007956	  ,               0.045464	
                0.014281	  ,               0.067602	
                0.029243	  ,               0.082630	
                0.043530	  ,               0.090888	
                0.038044	  ,               0.088666	
                0.029709	  ,               0.082196	
                0.031366	  ,               0.080289	
                0.024556	  ,               0.093414	
                0.020944	  ,               0.085035	
                0.022083	  ,               0.074456	
                0.019190	  ,               0.053721	
                0.005323	  ,               0.008780	
               -0.021047	  ,              -0.075443	
               -0.053664	  ,              -0.156013	
               -0.066665	  ,              -0.229050	
               -0.062603	  ,              -0.238726	
               -0.044342	  ,              -0.161316	
               -0.021205	  ,              -0.088696	
               -0.023971	  ,              -0.041695	
               -0.021167	  ,              -0.050772	
               -0.003823	  ,              -0.043467	
                0.002842	  ,              -0.051056	
                0.008985	  ,              -0.096671	
                0.018315	  ,              -0.102847	
                0.023901	  ,              -0.058921	
                0.035694	  ,              -0.000540	
                0.040179	  ,               0.022636	
                0.024855	  ,               0.058103	
                0.006315	  ,               0.051618	
                0.028530	  ,               0.045780	
                0.031311	  ,               0.040449	
                0.044928	  ,               0.045177	
                0.047209	  ,               0.032035	
                0.040513	  ,               0.012112	
                0.030244	  ,               0.030247	
                0.017080	  ,               0.066675	
                0.008477	  ,               0.071522	
                0.009878	  ,               0.076084	
                0.013835	  ,               0.064417	
                0.017459	  ,               0.046474	
                0.000275	  ,               0.016834	
               -0.032094	  ,              -0.010949	
               -0.054070	  ,              -0.028915	
               -0.065865	  ,              -0.019014	
               -0.076664	  ,              -0.033834	
               -0.093064	  ,              -0.036501	
               -0.095943	  ,              -0.024122	
               -0.087858	  ,              -0.012943	
               -0.060683	  ,              -0.010906	
               -0.035387	  ,              -0.012764	
               -0.025664	  ,              -0.007683	
               -0.010871	  ,              -0.003137	
               -0.013653	  ,              -0.010092	
               -0.016102	  ,              -0.008938	
               -0.009592	  ,              -0.010001	
                0.004536	  ,              -0.000603	
                0.017440	  ,               0.008066	
                0.015621	  ,               0.004682	
                0.010913	  ,               0.003464	
                0.009388	  ,               0.004051	
                0.005463	  ,               0.016606	
                0.006251	  ,               0.044141	
                0.017489	  ,               0.071632	
                0.031066	  ,               0.096563	
                0.025161	  ,               0.092921	
                0.033315	  ,               0.095431	
                0.037610	  ,               0.097979	
                0.033325	  ,               0.105356	
                0.029448	  ,               0.090036	
                0.034905	  ,               0.071843	
                0.031770	  ,               0.034838	
                0.036276	  ,               0.008489	
                0.032010	  ,              -0.015510	
                0.043501	  ,              -0.063897	
                0.051949	  ,              -0.147965	
                0.047369	  ,              -0.182252	
                0.032137	  ,              -0.150861	
                0.030079	  ,              -0.103236	
                0.005821	  ,              -0.059844	
               -0.010677	  ,              -0.082978	
               -0.019541	  ,              -0.089916	
               -0.011472	  ,              -0.057470	
               -0.009128	  ,              -0.039952	
               -0.006917	  ,              -0.045160	
               -0.008888	  ,              -0.059514	
               -0.010673	  ,              -0.063879	
               -0.019079	  ,              -0.043886	
               -0.014479	  ,              -0.018505	
               -0.015795	  ,               0.004503	
               -0.034699	  ,               0.007367	
               -0.064765	  ,               0.004620	
               -0.068627	  ,               0.031761	
               -0.050526	  ,               0.042463	
               -0.034103	  ,               0.045572	
               -0.025250	  ,               0.042622	
               -0.006045	  ,               0.045253	
                0.006405	  ,               0.042814	
                0.008735	  ,               0.040545	
                0.015015	  ,               0.034377	
                0.017111	  ,               0.036128	
                0.002150	  ,               0.034314	
                0.008508	  ,               0.032654	
                0.010637	  ,               0.031150	
               -0.004330	  ,               0.029817	
                0.010123	  ,               0.042210	
                0.008484	  ,               0.050602	
                0.006987	  ,               0.058173	
                0.021042	  ,               0.067783	
                0.034224	  ,               0.066549	
                0.039421	  ,               0.083608	
                0.047114	  ,               0.071247	
                0.045814	  ,               0.037565	
                0.044678	  ,               0.003711	
                0.029847	  ,              -0.036055	
                0.019765	  ,              -0.116077	
                0.006807	  ,              -0.173627	
               -0.018486	  ,              -0.163361	
               -0.029237	  ,              -0.097122	
               -0.038996	  ,              -0.054074	
               -0.036090	  ,              -0.030862	
               -0.038799	  ,              -0.009712	
               -0.041232	  ,              -0.003488	
               -0.030183	  ,               0.002035	
               -0.020167	  ,               0.007024	
               -0.014711	  ,               0.011487	
               -0.000125	  ,               0.018433	
                0.014955	  ,               0.022533	
                0.016844	  ,               0.026195	
                0.014857	  ,               0.029613	
                0.002910	  ,               0.026315	
               -0.007843	  ,               0.035051	
               -0.028698	  ,               0.043144	
               -0.055776	  ,               0.020855	
               -0.059296	  ,               0.012147	
               -0.036210	  ,               0.014990	
               -0.015334	  ,               0.012807	
               -0.007163	  ,              -0.002524	
                0.000135	  ,              -0.016494	
                0.006749	  ,              -0.018114	
                0.012858	  ,              -0.006013	
                0.022170	  ,              -0.004223	
                0.013722	  ,              -0.022062	
               -0.003175	  ,              -0.029066	
               -0.009724	  ,              -0.026609	
               -0.003576	  ,              -0.020283	
               -0.001644	  ,              -0.007044	
               -0.013397	  ,               0.008388	
               -0.008738	  ,               0.027031	
               -0.001716	  ,               0.029583	
                0.007166	  ,               0.036317	
                0.015044	  ,               0.038446	
                0.018164	  ,               0.025485	
                0.022786	  ,               0.006923	
                0.033977	  ,              -0.030267	
                0.047847	  ,              -0.035496	
                0.045971	  ,              -0.030756	
                0.044276	  ,              -0.017550	
                0.045805	  ,              -0.029378	
                0.052745	  ,              -0.032886	
                0.049052	  ,              -0.016401	
                0.034177	  ,              -0.001454	
                0.019973	  ,               0.001260	
                0.003220	  ,              -0.001141	
               -0.012349	  ,               0.000995	
               -0.026602	  ,               0.002937	
               -0.028526	  ,               0.004673	
               -0.023527	  ,               0.006253	
               -0.019068	  ,               0.013839	
               -0.003976	  ,               0.015269	
                0.022470	  ,               0.016585	
                0.040478	  ,               0.019949	
                0.030585	  ,               0.029577	
                0.015623	  ,               0.026015	
                0.007432	  ,               0.036483	
                0.000085	  ,               0.029701	
               -0.020254	  ,               0.033567	
               -0.033978	  ,               0.021197	
               -0.056309	  ,               0.026406	
               -0.059199	  ,               0.009616	
               -0.078339	  ,              -0.001435	
               -0.076027	  ,              -0.011489	
               -0.082703	  ,              -0.020715	
               -0.088893	  ,              -0.042646	
               -0.061088	  ,              -0.063432	
               -0.033282	  ,              -0.071544	
               -0.007981	  ,              -0.044328	
                0.008367	  ,              -0.019001	
                0.011209	  ,              -0.015871	
                0.013897	  ,              -0.018853	
                0.006603	  ,              -0.016252	
                0.013166	  ,              -0.009071	
                0.015141	  ,              -0.002551	
                0.024382	  ,               0.003494	
                0.022612	  ,               0.005321	
                0.021003	  ,               0.000235	
                0.022275	  ,              -0.007364	
                0.021008	  ,              -0.003272	
                0.017704	  ,               0.015723	
                0.006115	  ,               0.029469	
                0.007567	  ,               0.036764	
                0.020033	  ,               0.034571	
                0.031819	  ,               0.032527	
                0.033267	  ,               0.026904	
                0.040094	  ,               0.028523	
                0.021055	  ,               0.014543	
                0.007284	  ,               0.005124	
                0.009583	  ,              -0.020378	
               -0.006053	  ,              -0.045875	
               -0.000052	  ,              -0.029607	
               -0.002000	  ,              -0.008954	
               -0.003808	  ,              -0.006386	
               -0.011563	  ,              -0.004129	
               -0.002070	  ,              -0.001991	
                0.001484	  ,              -0.004059	
                0.000312	  ,              -0.013413	
                0.007429	  ,              -0.025266	
                0.019466	  ,              -0.023750	
                0.004109	  ,              -0.016837	
               -0.002091	  ,              -0.005521	
               -0.004023	  ,               0.005099	
               -0.002378	  ,               0.003743	
                0.005222	  ,               0.010031	
                0.012128	  ,               0.004482	
               -0.006860	  ,               0.007534	
               -0.009618	  ,               0.001096	
               -0.016966	  ,               0.005301	
               -0.009936	  ,               0.003764	
               -0.007777	  ,               0.004405	
                0.002333	  ,               0.005048	
                0.007896	  ,               0.011924	
                0.009560	  ,               0.014550	
                0.001930	  ,               0.015303	
                0.005990	  ,               0.011487	
                0.002304	  ,               0.022046	
                0.005601	  ,               0.029564	
               -0.010020	  ,               0.033530	
               -0.016473	  ,               0.032276	
               -0.014282	  ,               0.024446	
               -0.004793	  ,               0.017137	
                0.007259	  ,               0.003053	
               -0.000188	  ,              -0.027583	
               -0.004087	  ,              -0.031954	
               -0.002741	  ,              -0.035761	
               -0.003597	  ,              -0.039217	
               -0.002456	  ,              -0.035921	
               -0.005089	  ,              -0.032996	
               -0.004202	  ,              -0.019272	
               -0.009407	  ,              -0.006888	
               -0.015797	  ,              -0.000217	
               -0.009834	  ,               0.005965	
                0.001744	  ,               0.007898	
                0.020494	  ,               0.013021	
                0.008341	  ,               0.014582	
               -0.006990	  ,               0.018660	
               -0.012852	  ,               0.029986	
               -0.014512	  ,               0.031470	
               -0.005873	  ,               0.032774	
               -0.007220	  ,               0.036419	
                0.005476	  ,               0.030743	
                0.010709	  ,               0.014909	
                0.006287	  ,              -0.018848	
                0.010489	  ,              -0.033327	
                0.001845	  ,              -0.020264	
                0.003047	  ,              -0.040365	
                0.004248	  ,              -0.036969	
                0.010856	  ,              -0.020733	
                0.006811	  ,              -0.018037	
               -0.001435	  ,              -0.004520	
                0.001952	  ,              -0.027034	
               -0.009381	  ,              -0.042119	
               -0.001617	  ,              -0.034201	
               -0.000110	  ,              -0.017163	
                0.006314	  ,              -0.001830	
                0.021367	  ,              -0.000048	
                0.015413	  ,              -0.005897	
               -0.004928	  ,              -0.001094	
               -0.002102	  ,               0.000171	
                0.000391	  ,               0.006875	
                0.011692	  ,               0.015453	
                0.021968	  ,               0.018481	
                0.020224	  ,               0.017324	
                0.008482	  ,               0.012658	
                0.007029	  ,               0.008390	
                0.011154	  ,               0.015300	
                0.004950	  ,               0.023759	
                0.001782	  ,               0.024779	
               -0.013923	  ,               0.015316	
               -0.029456	  ,               0.019070	
               -0.002860	  ,               0.002010	
                0.000728	  ,              -0.020292	
               -0.002460	  ,              -0.047338	
                0.000425	  ,              -0.043762	
                0.014121	  ,              -0.027327	
                0.036432	  ,              -0.006473	
                0.045194	  ,               0.007306	
                0.031449	  ,               0.000130	
                0.019048	  ,              -0.015309	
                0.003421	  ,              -0.021233	
               -0.019164	  ,              -0.008010	
               -0.052252	  ,               0.000667	
               -0.074340	  ,              -0.000612	
               -0.086277	  ,               0.003715	
               -0.068272	  ,               0.015336	
               -0.051975	  ,               0.020204	
               -0.037227	  ,               0.016457	
               -0.023676	  ,               0.017970	
               -0.026195	  ,               0.017282	
               -0.001650	  ,               0.033332	
                0.007991	  ,               0.035850	
                0.010708	  ,               0.034119	
                0.002417	  ,               0.047434	
               -0.010117	  ,               0.042617	
               -0.003710	  ,               0.041359	
                0.002184	  ,               0.037569	
                0.003847	  ,               0.029030	
               -0.008195	  ,               0.028281	
                0.008526	  ,               0.025520	
                0.006122	  ,               0.034261	
                0.016060	  ,               0.031334	
                0.013989	  ,               0.028559	
                0.008694	  ,               0.029667	
                0.006967	  ,               0.027401	
                0.013700	  ,               0.029898	
                0.014683	  ,               0.019536	
                0.013487	  ,               0.005942	
                0.012284	  ,              -0.014270	
                0.003624	  ,              -0.022133	
                0.011040	  ,              -0.039316	
                0.014066	  ,              -0.056342	
                0.016933	  ,              -0.071688	
                0.023191	  ,              -0.093982	
                0.018797	  ,              -0.085008	
                0.013382	  ,              -0.076733	
                0.012530	  ,              -0.059354	
                0.008142	  ,              -0.048081	
               -0.000830	  ,              -0.050016	
               -0.007255	  ,              -0.036917	
               -0.004207	  ,              -0.028416	
                0.002904	  ,              -0.017734	
                0.001922	  ,              -0.019100	
                0.002632	  ,              -0.002733	
                0.004714	  ,              -0.000599	
                0.006647	  ,              -0.002687	
                0.004881	  ,               0.002837	
                0.001948	  ,               0.004471	
                0.003412	  ,              -0.000166	
                0.008421	  ,              -0.001616	
                0.007678	  ,              -0.000551	
                0.001872	  ,              -0.003901	
                0.001153	  ,              -0.009288	
                0.003147	  ,              -0.010289	
               -0.003818	  ,              -0.009612	
               -0.001109	  ,              -0.007587	
               -0.000216	  ,              -0.005738	
               -0.005361	  ,              -0.000175	
               -0.001678	  ,               0.008081	
                0.004235	  ,               0.008892	
               -0.002527	  ,               0.018141	
                0.002233	  ,               0.014193	
                0.001581	  ,               0.019530	
                0.001102	  ,               0.014028	
               -0.005130	  ,               0.024101	
               -0.005796	  ,               0.025179	
               -0.006284	  ,               0.026070	
               -0.008123	  ,               0.024755	
               -0.006245	  ,               0.025458	
               -0.006580	  ,               0.025986	
               -0.005884	  ,               0.019737	
               -0.004504	  ,               0.015699	
               -0.007168	  ,               0.013341	
               -0.005934	  ,               0.003540	
               -0.001837	  ,               0.007270	
               -0.006379	  ,               0.010670	
               -0.005694	  ,               0.011359	
               -0.005023	  ,               0.003750	
               -0.002328	  ,               0.004269	
               -0.001839	  ,               0.004779	
                0.001171	  ,               0.003760	
                0.002303	  ,              -0.001472	
               -0.000781	  ,               0.001263	
               -0.001002	  ,              -0.000710	
                0.004852	  ,               0.002606	
                0.000704	  ,               0.002771	
                0.012258	  ,               0.000600	
                0.007229	  ,              -0.002051	
                0.005761	  ,              -0.002476	
                0.004457	  ,              -0.002879	
                0.010749	  ,              -0.001568	
                0.016357	  ,              -0.003942	
                0.006903	  ,              -0.008989	
                0.000655	  ,              -0.012481	
               -0.000357	  ,              -0.005465	
                0.002667	  ,              -0.002667	
                0.007213	  ,               0.001679	
                0.002962	  ,               0.002497	
               -0.000778	  ,              -0.002268	
               -0.011463	  ,              -0.001629	
               -0.019097	  ,               0.002560	
               -0.023191	  ,               0.004209	
               -0.016979	  ,               0.002136	
               -0.018042	  ,              -0.002490	
               -0.012833	  ,              -0.001873	
               -0.017417	  ,              -0.005829	
               -0.013201	  ,              -0.008274	
               -0.012504	  ,              -0.014280	
               -0.011804	  ,              -0.008285	
               -0.002302	  ,              -0.006012	
                0.004674	  ,              -0.002397	
                0.003547	  ,              -0.004018	
                0.000410	  ,              -0.012725	
                0.005729	  ,              -0.003786	
                0.004998	  ,              -0.000423	
                0.007675	  ,              -0.003298	
                0.009995	  ,              -0.003972	
                0.010792	  ,              -0.001272	
                0.007854	  ,               0.002608	
               -0.000849	  ,              -0.000795	
               -0.007016	  ,               0.005085	
               -0.014699	  ,               0.003004	
               -0.009364	  ,               0.006652	
               -0.002849	  ,               0.002509	
                0.008405	  ,               0.009020	
                0.013055	  ,               0.011651	
                0.009059	  ,               0.004800	
                0.007936	  ,               0.009452	
                0.008988	  ,               0.020680	
                0.018492	  ,               0.013128	
                0.004642	  ,               0.009131	
                0.008023	  ,               0.003445	
                0.013608	  ,              -0.012908	
                0.015298	  ,              -0.019446	
                0.022900	  ,              -0.009242	
                0.015950	  ,               0.003854	
                0.002074	  ,               0.008993	
               -0.003522	  ,               0.007537	
                0.001516	  ,               0.011663	
                0.006063	  ,               0.002927	
                0.010100	  ,              -0.004789	
                0.008889	  ,              -0.016220	
                0.009884	  ,              -0.011582	
                0.019353	  ,              -0.010154	
                0.013090	  ,              -0.021417	
                0.005299	  ,              -0.025901	
               -0.001993	  ,              -0.016178	
                0.000679	  ,              -0.007293	
               -0.003590	  ,              -0.001623	
                0.000116	  ,               0.003695	
                0.002138	  ,               0.004601	
               -0.000943	  ,               0.014138	
               -0.009778	  ,               0.015379	
               -0.023682	  ,               0.018638	
               -0.021840	  ,               0.025929	
               -0.037085	  ,               0.028648	
               -0.035074	  ,               0.032866	
               -0.029501	  ,               0.029131	
               -0.027839	  ,               0.028419	
               -0.035486	  ,               0.018921	
               -0.036879	  ,              -0.001909	
               -0.028117	  ,              -0.034903	
               -0.045240	  ,              -0.039281	
               -0.052558	  ,              -0.043150	
               -0.027904	  ,              -0.039567	
               -0.018142	  ,              -0.029722	
               -0.003316	  ,              -0.026809	
                0.010318	  ,              -0.018657	
                0.012618	  ,              -0.006281	
                0.010341	  ,              -0.004058	
                0.016341	  ,               0.006108	
                0.018098	  ,               0.007977	
                0.016302	  ,               0.002895	
                0.020771	  ,              -0.001688	
                0.027618	  ,               0.005217	
                0.026358	  ,               0.004019	
                0.036598	  ,               0.011775	
                0.035151	  ,               0.010724	
                0.033874	  ,               0.007977	
                0.041557	  ,               0.003711	
                0.029969	  ,               0.005866	
                0.022248	  ,               0.005137	
                0.020803	  ,               0.005581	
                0.019527	  ,              -0.003291	
                0.004543	  ,               0.000348	
                0.010540	  ,              -0.002938	
                0.016023	  ,              -0.004012	
               -0.002710	  ,               0.000500	
               -0.005196	  ,              -0.003780	
               -0.003105	  ,              -0.006025	
               -0.009300	  ,              -0.005404	
               -0.026151	  ,              -0.008508	
               -0.028449	  ,              -0.005709	
               -0.022445	  ,              -0.007284	
               -0.013217	  ,              -0.003101	
               -0.001458	  ,              -0.006043	
               -0.003070	  ,              -0.004587	
               -0.021265	  ,               0.000445	
               -0.028614	  ,               0.008197	
               -0.008379	  ,               0.005134	
               -0.005742	  ,               0.007831	
               -0.003439	  ,               0.010355	
               -0.010101	  ,               0.020322	
               -0.004073	  ,               0.018959	
               -0.006000	  ,               0.025208	
               -0.007743	  ,               0.019611	
                0.006080	  ,               0.024835	
                0.007912	  ,               0.016354	
                0.012980	  ,               0.010742	
                0.008415	  ,              -0.000806	
                0.004376	  ,              -0.020824	
                0.003234	  ,              -0.023599	
                0.002293	  ,              -0.021322	
                0.001347	  ,              -0.019216	
                0.005979	  ,              -0.021322	
                0.006917	  ,              -0.015797	
                0.001785	  ,              -0.010750	
                0.002584	  ,              -0.006199	
                0.002213	  ,              -0.004863	
                0.006402	  ,               0.001407	
                0.001797	  ,               0.007003	
                0.001406	  ,               0.010087	
               -0.001339	  ,               0.012843	
               -0.004769	  ,               0.000024	
               -0.001605	  ,               0.005638	
                0.002392	  ,               0.003985	
               -0.001066	  ,               0.005540	
                0.002063	  ,               0.004227	
               -0.004302	  ,               0.000531	
                0.002185	  ,              -0.000482	
               -0.007222	  ,               0.002531	
               -0.003437	  ,              -0.000228	
                0.001001	  ,               0.003938	
                0.000023	  ,               0.003036	
               -0.000971	  ,               0.002294	
                0.007492	  ,               0.000202	
                0.001914	  ,              -0.005597	
                0.000911	  ,              -0.006275	
                0.003614	  ,              -0.005542	
                0.006156	  ,              -0.005972	
                0.002444	  ,               0.001710	
               -0.003980	  ,              -0.007691	
               -0.003143	  ,              -0.006446	
               -0.000950	  ,               0.003935	
                0.001086	  ,               0.005345	
                0.004152	  ,              -0.000858	
               -0.003426	  ,              -0.001820	
               -0.006435	  ,              -0.004811	
                0.003906	  ,              -0.005600	
                0.005279	  ,              -0.002994	
                0.006499	  ,               0.002304	
                0.003316	  ,              -0.002550	
                0.004372	  ,              -0.002010	
                0.003564	  ,               0.002081	
                0.001072	  ,               0.002612	
               -0.001091	  ,               0.002290	
               -0.003082	  ,               0.000253	
                0.000017	  ,               0.005993	
               -0.007540	  ,               0.005103	
               -0.012741	  ,               0.001330	
               -0.017277	  ,               0.003298	
               -0.013027	  ,               0.010161	
               -0.003029	  ,               0.005513	
                0.001038	  ,               0.002915	
               -0.002670	  ,              -0.002365	
                0.000549	  ,              -0.001682	
               -0.002498	  ,               0.007810	
                0.000196	  ,              -0.001838	
               -0.005736	  ,              -0.000660	
                0.004225	  ,              -0.010970	
               -0.008306	  ,              -0.015010	
               -0.006628	  ,              -0.008737	
               -0.005128	  ,              -0.005513	
                0.001777	  ,              -0.004487	
                0.002938	  ,              -0.001786	
                0.008496	  ,              -0.002632	
                0.011510	  ,               0.004304	
                0.005050	  ,               0.014636	
               -0.002764	  ,               0.029884	
               -0.012260	  ,               0.035985	
               -0.003486	  ,               0.034133	
               -0.004540	  ,               0.022315	
                0.002700	  ,               0.017781	
                0.003514	  ,               0.013751	
                0.006024	  ,              -0.000092	
                0.002269	  ,              -0.027976	
                0.001564	  ,              -0.055866	
               -0.002705	  ,              -0.059402	
               -0.002246	  ,              -0.042964	
                0.000249	  ,              -0.034117	
                0.003245	  ,              -0.020366	
                0.005216	  ,              -0.013015	
                0.004810	  ,              -0.006310	
                0.003056	  ,              -0.000091	
                0.001308	  ,               0.001913	
               -0.000620	  ,               0.003737	
               -0.000012	  ,               0.005373	
                0.000579	  ,               0.001417	
                0.003711	  ,               0.007756	
                0.006691	  ,               0.008846	
                0.000212	  ,               0.018385	
               -0.002523	  ,               0.019625	
               -0.003397	  ,               0.016443	
                0.000280	  ,               0.017468	
               -0.003307	  ,               0.022044	
               -0.006387	  ,               0.019497	
               -0.008109	  ,               0.027936	
               -0.000360	  ,               0.022309	
                0.000631	  ,               0.017008	
                0.001631	  ,               0.012383	
                0.000780	  ,               0.016573	
                0.003306	  ,               0.006631	
               -0.003634	  ,              -0.005798	
                0.002804	  ,              -0.027700	
                0.003667	  ,              -0.024672	
                0.004366	  ,               0.000192	
                0.000837	  ,               0.003545	
                0.003897	  ,              -0.005097	
               -0.001320	  ,              -0.007675	
               -0.004850	  ,              -0.000292	
               -0.000600	  ,               0.001985	
                0.002268	  ,               0.000026	
               -0.005525	  ,               0.001959	
               -0.002326	  ,               0.000318	
                0.002909	  ,              -0.001194	
                0.000193	  ,              -0.008157	
                0.001026	  ,              -0.014504	
               -0.008963	  ,              -0.006850	
               -0.004923	  ,              -0.003958	
                0.001322	  ,              -0.010539	
                0.000310	  ,              -0.014908	
                0.001359	  ,              -0.008072	
               -0.003148	  ,              -0.005383	
                0.000327	  ,              -0.003998	
                0.001259	  ,               0.000268	
                0.003553	  ,               0.002455	
                0.007183	  ,              -0.004023	
                0.003029	  ,              -0.013560	
                0.007151	  ,              -0.007354	
                0.008720	  ,              -0.017700	
                0.009095	  ,              -0.035829	
                0.005232	  ,              -0.038215	
                0.002723	  ,              -0.031622	
                0.008839	  ,              -0.017439	
                0.009708	  ,              -0.004488	
                0.013451	  ,               0.003848	
                0.008563	  ,               0.017568	
                0.001657	  ,               0.019264	
               -0.006764	  ,               0.024205	
               -0.019251	  ,               0.028718	
               -0.017503	  ,               0.035710	
               -0.003550	  ,               0.042043	
               -0.009034	  ,               0.036544	
               -0.007246	  ,               0.039654	
               -0.008680	  ,               0.035178	
               -0.004546	  ,               0.041203	
               -0.005653	  ,               0.040637	
               -0.011170	  ,               0.030105	
               -0.014143	  ,               0.007213	
               -0.005609	  ,              -0.042276	
               -0.002334	  ,              -0.063554	
               -0.001279	  ,              -0.057104	
               -0.002097	  ,              -0.086375	
               -0.004621	  ,              -0.081147	
               -0.000871	  ,              -0.047344	
                0.004091	  ,              -0.042966	
               -0.000047	  ,              -0.023014	
                0.001708	  ,              -0.004905	
                0.009536	  ,               0.011498	
                0.019898	  ,               0.014356	
                0.021314	  ,               0.017025	
                0.022571	  ,               0.029317	
                0.019466	  ,               0.049547	
                0.016514	  ,               0.063196	
                0.017437	  ,               0.085465	
                0.011576	  ,               0.094195	
                0.012296	  ,               0.091397	
                0.001685	  ,               0.074041	
               -0.012154	  ,               0.044669	
               -0.021414	  ,               0.000585	
               -0.033197	  ,              -0.064126	
               -0.040771	  ,              -0.090066	
               -0.028219	  ,              -0.082275	
               -0.026514	  ,              -0.046702	
               -0.012627	  ,              -0.027381	
               -0.007044	  ,              -0.021582	
                0.001416	  ,              -0.016297	
                0.012068	  ,              -0.011534	
                0.018995	  ,               0.001673	
                0.022703	  ,               0.005581	
                0.019466	  ,               0.002030	
                0.016382	  ,               0.018426	
                0.013622	  ,               0.045462	
                0.011020	  ,               0.063542	
                0.010280	  ,               0.066749	
                0.000908	  ,               0.057944	
               -0.002885	  ,               0.022241	
                0.002608	  ,              -0.031050	
               -0.013223	  ,              -0.095179	
               -0.028890	  ,              -0.086581	
               -0.035097	  ,              -0.078843	
               -0.025901	  ,              -0.057577	
               -0.014160	  ,              -0.064062	
               -0.003612	  ,              -0.058390	
               -0.005071	  ,              -0.053236	
                0.003620	  ,              -0.048613	
                0.004529	  ,              -0.035532	
                0.001377	  ,              -0.007755	
                0.009716	  ,               0.017465	
                0.019917	  ,               0.027090	
                0.023871	  ,               0.035665	
                0.022581	  ,               0.032734	
                0.012159	  ,               0.030163	
               -0.008743	  ,               0.027755	
               -0.029648	  ,               0.033663	
               -0.010618	  ,               0.020508	
                0.001645	  ,               0.022081	
               -0.000643	  ,               0.026555	
               -0.014952	  ,               0.038997	
               -0.016908	  ,               0.044012	
               -0.035605	  ,               0.042421	
               -0.023350	  ,               0.024246	
               -0.007884	  ,               0.021803	
                0.006219	  ,               0.019535	
                0.011684	  ,               0.025553	
                0.006490	  ,               0.023618	
                0.007901	  ,               0.025220	
                0.000866	  ,               0.017497	
               -0.005496	  ,               0.002128	
                0.004698	  ,              -0.020559	
                0.005915	  ,              -0.053780	
                0.012062	  ,              -0.067245	
                0.008743	  ,              -0.047549	
                0.013913	  ,              -0.044218	
                0.008950	  ,              -0.032541	
                0.009766	  ,              -0.022855	
                0.003827	  ,              -0.014165	
                0.004494	  ,              -0.011558	
                0.006518	  ,              -0.004361	
                0.010761	  ,              -0.002207	
                0.011285	  ,               0.011968	
                0.010786	  ,               0.010081	
                0.007753	  ,               0.008364	
                0.004885	  ,               0.012930	
                0.003872	  ,               0.011585	
                0.006245	  ,               0.007871	
                0.004551	  ,               0.006843	
                0.000324	  ,               0.009840	
                0.002030	  ,               0.010592	
               -0.002020	  ,               0.006246	
                0.000529	  ,               0.003986	
                0.001731	  ,               0.004634	
               -0.000254	  ,               0.002954	
               -0.002048	  ,               0.005845	
               -0.000282	  ,               0.000120	
               -0.001213	  ,               0.005398	
                0.003108	  ,               0.003427	
                0.000152	  ,               0.006561	
               -0.002633	  ,               0.003806	
               -0.001005	  ,               0.002421	
               -0.003950	  ,               0.002882	
               -0.009425	  ,               0.002649	
               -0.007132	  ,               0.001708	
               -0.011963	  ,              -0.002801	
               -0.007667	  ,              -0.001060	
               -0.007111	  ,              -0.001512	
                0.000745	  ,              -0.002988	
                0.001856	  ,              -0.006008	
                0.000930	  ,              -0.003130	
                0.001858	  ,              -0.002827	
                0.001108	  ,              -0.001203	
                0.003392	  ,              -0.002287	
                0.005514	  ,              -0.003010	
                0.005119	  ,              -0.002773	
               -0.003565	  ,              -0.002359	
               -0.009707	  ,              -0.005248	
               -0.008600	  ,              -0.003736	
                0.002991	  ,               0.002176	
                0.010678	  ,               0.007710	
               -0.004475	  ,               0.004453	
               -0.002378	  ,               0.006420	
               -0.004176	  ,               0.002586	
               -0.005800	  ,               0.002292	
               -0.007273	  ,              -0.000507	
               -0.005868	  ,              -0.001434	
               -0.002109	  ,               0.004588	
                0.003513	  ,              -0.001055	
               -0.005928	  ,              -0.009244	
               -0.004714	  ,              -0.007970	
               -0.001475	  ,              -0.010778	
               -0.004508	  ,               0.001606	
               -0.001797	  ,               0.000082	
                0.002436	  ,              -0.001311	
                0.001764	  ,              -0.005299	
                0.003793	  ,              -0.001562	
                0.002086	  ,              -0.000582	
                0.001569	  ,               0.006607	
               -0.000989	  ,               0.001925	
               -0.002208	  ,              -0.005978	
               -0.000214	  ,              -0.000813	
               -0.003802	  ,               0.001939	
               -0.003497	  ,               0.009919	
                0.001215	  ,               0.017488	
               -0.003042	  ,               0.024279	
               -0.000191	  ,               0.016874	
                0.002310	  ,               0.009952	
                0.000074	  ,               0.007550	
               -0.003856	  ,               0.008663	
                0.003901	  ,               0.015825	
               -0.001693	  ,               0.022450	
                0.003548	  ,               0.028534	
                0.006245	  ,               0.024974	
                0.000315	  ,               0.018690	
                0.004026	  ,               0.009330	
                0.001991	  ,               0.000633	
               -0.003752	  ,               0.011045	
               -0.000009	  ,               0.020771	
               -0.002012	  ,               0.039791	
               -0.008927	  ,               0.047965	
               -0.006197	  ,               0.030757	
                0.001610	  ,              -0.002876	
               -0.001408	  ,              -0.075591	
                0.005038	  ,              -0.169468	
                0.000840	  ,              -0.181984	
                0.009328	  ,              -0.147505	
                0.008336	  ,              -0.116424	
                0.007330	  ,              -0.069124	
                0.002774	  ,              -0.060568	
                0.008716	  ,              -0.037301	
                0.006542	  ,              -0.001871	
                0.001635	  ,               0.017301	
                0.005863	  ,               0.022928	
                0.001799	  ,               0.028028	
                0.003314	  ,               0.032602	
               -0.002772	  ,               0.036812	
               -0.003783	  ,               0.045402	
               -0.004631	  ,               0.049078	
               -0.002435	  ,               0.059680	
                0.003980	  ,               0.069270	
                0.004819	  ,               0.083948	
               -0.000413	  ,               0.086450	
               -0.005306	  ,               0.098590	
               -0.004773	  ,               0.109522	
                0.001680	  ,               0.111322	
               -0.002515	  ,               0.109230	
                0.001257	  ,               0.097172	
                0.006232	  ,               0.073935	
                0.005788	  ,               0.024137	
                0.001781	  ,              -0.068648	
                0.000309	  ,              -0.157232	
               -0.004713	  ,              -0.192020	
               -0.003981	  ,              -0.202608	
               -0.005612	  ,              -0.174440	
                0.003243	  ,              -0.131525	
                0.002111	  ,              -0.077083	
                0.005373	  ,              -0.041785	
               -0.006090	  ,              -0.009738	
               -0.013681	  ,               0.007433	
               -0.015025	  ,               0.023096	
               -0.008757	  ,               0.018158	
               -0.007752	  ,               0.022385	
               -0.002527	  ,               0.034063	
               -0.005263	  ,               0.030344	
               -0.007833	  ,               0.026967	
               -0.011572	  ,               0.023922	
               -0.006682	  ,               0.021022	
               -0.000971	  ,               0.023183	
               -0.001693	  ,               0.020773	
               -0.001060	  ,               0.022605	
               -0.001621	  ,               0.016860	
                0.005938	  ,               0.018398	
               -0.001363	  ,               0.013729	
               -0.000524	  ,               0.026192	
                0.000329	  ,               0.024451	
                0.007253	  ,               0.025954	
                0.008104	  ,               0.019058	
                0.007284	  ,               0.015416	
                0.007979	  ,               0.018757	
                0.014399	  ,               0.015851	
                0.013538	  ,               0.013308	
                0.012839	  ,               0.012671	
                0.012118	  ,               0.015109	
                0.003775	  ,               0.018895	
                0.004718	  ,               0.019641	
                0.009876	  ,               0.016989	
                0.010607	  ,               0.010474	
                0.009647	  ,              -0.003309	
                0.004305	  ,              -0.013209	
               -0.006404	  ,              -0.018552	
               -0.007928	  ,              -0.009880	
               -0.012003	  ,               0.000987	
               -0.008308	  ,              -0.005762	
               -0.013910	  ,              -0.009313	
               -0.021207	  ,              -0.016939	
               -0.029665	  ,              -0.007339	
               -0.021862	  ,              -0.003540	
               -0.012337	  ,               0.004284	
               -0.008577	  ,               0.015780	
               -0.007544	  ,               0.014201	
               -0.008554	  ,               0.007143	
               -0.009384	  ,              -0.001800	
               -0.003425	  ,              -0.016792	
               -0.001176	  ,              -0.027006	
                0.003776	  ,              -0.010235	
                0.008059	  ,               0.010156	
                0.016914	  ,               0.002192	
                0.018182	  ,              -0.004894	
                0.019257	  ,              -0.020237	
                0.022350	  ,              -0.030155	
                0.025100	  ,              -0.024335	
                0.026005	  ,              -0.019029	
                0.017603	  ,              -0.017271	
                0.005143	  ,              -0.010084	
                0.000122	  ,               0.009088	
                0.010835	  ,               0.028391	
                0.012236	  ,               0.035826	
                0.006034	  ,               0.033766	
                0.007108	  ,               0.011402	
                0.006154	  ,              -0.003387	
               -0.007821	  ,              -0.044404	
               -0.021965	  ,              -0.085284	
               -0.023764	  ,              -0.090488	
               -0.011859	  ,              -0.056647	
               -0.016364	  ,              -0.025852	
               -0.028831	  ,               0.002051	
               -0.020325	  ,               0.020127	
               -0.003371	  ,               0.029884	
                0.003252	  ,               0.032693	
                0.005304	  ,               0.024507	
                0.014627	  ,               0.012084	
                0.019712	  ,               0.014192	
                0.024277	  ,               0.008007	
                0.028325	  ,               0.013493	
                0.037094	  ,              -0.008608	
                0.029278	  ,              -0.011600	
                0.013515	  ,              -0.009014	
               -0.014774	  ,              -0.003730	
               -0.039523	  ,               0.008480	
               -0.023180	  ,               0.006129	
               -0.014467	  ,               0.008005	
               -0.017255	  ,               0.009727	
               -0.010058	  ,               0.007913	
               -0.016720	  ,               0.009301	
               -0.026951	  ,               0.021682	
               -0.036343	  ,               0.019868	
               -0.017823	  ,               0.024322	
               -0.000644	  ,               0.020146	
                0.005890	  ,               0.016318	
               -0.000250	  ,               0.005896	
               -0.013330	  ,              -0.003850	
               -0.015083	  ,               0.002292	
               -0.007537	  ,              -0.003416	
               -0.003550	  ,               0.003714	
               -0.004806	  ,               0.006281	
               -0.015198	  ,               0.008701	
               -0.002753	  ,               0.003370	
                0.005626	  ,              -0.003144	
                0.010115	  ,              -0.007455	
                0.005982	  ,              -0.016012	
                0.009631	  ,              -0.023878	
                0.010562	  ,              -0.035444	
                0.011491	  ,              -0.027868	
                0.008684	  ,              -0.012667	
                0.011106	  ,              -0.006573	
                0.007276	  ,              -0.004689	
                0.007865	  ,              -0.009726	
                0.003554	  ,               0.004184	
                0.000587	  ,              -0.001359	
               -0.001025	  ,               0.007115	
                0.003949	  ,               0.008638	
               -0.003948	  ,               0.015544	
               -0.003056	  ,               0.011779	
                0.003258	  ,               0.008532	
                0.005684	  ,               0.007543	
                0.007770	  ,               0.012176	
                0.009689	  ,               0.008046	
                0.006533	  ,               0.001216	
                0.005928	  ,              -0.003239	
                0.005340	  ,               0.001098	
                0.006440	  ,              -0.002523	
                0.006031	  ,              -0.004465	
                0.005649	  ,               0.001371	
                0.005972	  ,               0.000769	
                0.001563	  ,              -0.002701	
                0.002066	  ,              -0.003135	
                0.004598	  ,              -0.004730	
                0.005763	  ,               0.000113	
                0.008604	  ,               0.001917	
                0.002831	  ,               0.000338	
               -0.003063	  ,              -0.003117	
               -0.008259	  ,               0.003068	
               -0.000421	  ,               0.004008	
                0.000653	  ,              -0.005901	
               -0.001991	  ,              -0.001774	
               -0.002776	  ,               0.004570	
               -0.004896	  ,               0.003634	
               -0.011224	  ,               0.006752	
               -0.006885	  ,               0.004096	
               -0.003049	  ,               0.008377	
               -0.000924	  ,               0.009084	
                0.004906	  ,               0.014003	
                0.002785	  ,               0.009781	
                0.002182	  ,               0.008080	
                0.001760	  ,               0.001290	
                0.004712	  ,              -0.003330	
                0.000035	  ,              -0.005931	
               -0.008165	  ,               0.000916	
               -0.009072	  ,              -0.005615	
               -0.003728	  ,              -0.008287	
               -0.006332	  ,              -0.013686	
               -0.003688	  ,              -0.013159	
               -0.001395	  ,              -0.019041	
               -0.007732	  ,              -0.013898	
               -0.011873	  ,              -0.011908	
               -0.012451	  ,              -0.008835	
               -0.007450	  ,              -0.011641	
               -0.004327	  ,              -0.008031	
                0.004539	  ,              -0.001872	
                0.008310	  ,               0.002407	
                0.009370	  ,               0.003146	
                0.008421	  ,               0.010965	
                0.016935	  ,               0.005736	
                0.017987	  ,               0.004878	
                0.012777	  ,               0.000580	
                0.021271	  ,               0.004198	
                0.022331	  ,              -0.000835	
                0.012906	  ,              -0.001471	
                0.014159	  ,              -0.005651	
                0.008673	  ,              -0.007252	
               -0.006963	  ,              -0.004214	
               -0.022450	  ,              -0.002098	
               -0.020353	  ,              -0.004528	
               -0.018429	  ,              -0.009715	
               -0.020065	  ,              -0.021206	
               -0.015451	  ,              -0.019532	
               -0.014048	  ,              -0.014974	
               -0.022801	  ,              -0.005351	
               -0.028682	  ,               0.002132	
               -0.023055	  ,               0.003433	
               -0.017779	  ,               0.002582	
               -0.005585	  ,               0.014283	
               -0.003884	  ,               0.012989	
                0.000677	  ,               0.003587	
               -0.006269	  ,               0.002644	
               -0.000027	  ,               0.003881	
                0.007732	  ,               0.011364	
                0.008718	  ,               0.003079	
                0.017131	  ,               0.008831	
                0.020297	  ,               0.012025	
                0.019239	  ,               0.016733	
                0.025635	  ,               0.021098	
                0.016145	  ,               0.028159	
                0.019854	  ,               0.040458	
                0.020852	  ,               0.038852	
                0.007132	  ,               0.040425	
               -0.002194	  ,               0.036403	
                0.002851	  ,               0.045230	
               -0.004803	  ,               0.044269	
               -0.006209	  ,               0.028598	
               -0.000005	  ,               0.008365	
               -0.001076	  ,              -0.005280	
               -0.004174	  ,              -0.032484	
               -0.010659	  ,              -0.065279	
               -0.011575	  ,              -0.078410	
               -0.001680	  ,              -0.058353	
               -0.000415	  ,              -0.047395	
                0.008291	  ,              -0.030852	
                0.007180	  ,              -0.027853	
               -0.006605	  ,              -0.008642	
               -0.004829	  ,               0.008682	
                0.006943	  ,               0.019909	
                0.008402	  ,               0.046528	
                0.004294	  ,               0.057393	
               -0.004544	  ,               0.060643	
               -0.007799	  ,               0.045782	
               -0.023581	  ,               0.026666	
               -0.039216	  ,              -0.005675	
               -0.033208	  ,              -0.045463	
               -0.016541	  ,              -0.093545	
               -0.010020	  ,              -0.087161	
               -0.008074	  ,              -0.034247	
               -0.002589	  ,               0.001241	
               -0.000989	  ,               0.020487	
               -0.002595	  ,               0.014662	
                0.001395	  ,               0.019813	
                0.002523	  ,              -0.014128	
               -0.000743	  ,              -0.054033	
                0.002243	  ,              -0.070103	
                0.008607	  ,              -0.075038	
                0.007712	  ,              -0.070850	
                0.019167	  ,              -0.059233	
                0.017444	  ,              -0.048633	
                0.015903	  ,              -0.019107	
                0.014551	  ,               0.000610	
                0.013368	  ,               0.025723	
                0.016607	  ,               0.028668	
                0.017654	  ,               0.037158	
                0.011272	  ,               0.039521	
                0.001862	  ,               0.036813	
               -0.006883	  ,               0.038696	
               -0.012434	  ,               0.032280	
               -0.009368	  ,               0.044996	
               -0.010204	  ,               0.053206	
               -0.005967	  ,               0.048540	
               -0.003766	  ,               0.041594	
               -0.001733	  ,               0.022635	
                0.005195	  ,               0.008879	
                0.007902	  ,               0.001544	
                0.005358	  ,               0.003663	
                0.003171	  ,               0.017736	
                0.005223	  ,               0.015701	
                0.008279	  ,              -0.009860	
                0.013535	  ,              -0.028146	
                0.012881	  ,              -0.044720	
                0.014598	  ,              -0.041949	
                0.015133	  ,              -0.028272	
                0.007373	  ,              -0.005900	
                0.006381	  ,               0.009088	
               -0.007295	  ,               0.006498	
               -0.012852	  ,               0.004252	
               -0.017896	  ,               0.006543	
               -0.022433	  ,               0.000530	
               -0.023757	  ,              -0.001265	
               -0.012392	  ,               0.010610	
                0.001512	  ,               0.018223	
               -0.000309	  ,               0.011263	
               -0.001964	  ,               0.004946	
               -0.006500	  ,               0.001635	
               -0.007820	  ,              -0.007944	
               -0.001501	  ,              -0.009208	
                0.001773	  ,              -0.012362	
                0.002847	  ,               0.003530	
               -0.001652	  ,               0.005936	
               -0.002437	  ,               0.012233	
               -0.000176	  ,               0.036644	
                0.004795	  ,               0.040125	
                0.009095	  ,               0.049189	
                0.007468	  ,               0.041312	
                0.012098	  ,               0.034590	
                0.008613	  ,               0.027521	
                0.001733	  ,               0.025546	
               -0.007683	  ,               0.007329	
               -0.008823	  ,               0.009907	
               -0.016574	  ,               0.007941	
               -0.013499	  ,               0.026618	
               -0.019916	  ,               0.034140	
               -0.022450	  ,               0.023209	
               -0.010953	  ,               0.000948	
                0.000850	  ,               0.004053	
                0.008397	  ,              -0.009434	
                0.006969	  ,              -0.046483	
                0.008070	  ,              -0.126381	
                0.009000	  ,              -0.160794	
               -0.000548	  ,              -0.129599	
                0.003109	  ,              -0.082218	
                0.002035	  ,              -0.056342	
                0.005029	  ,              -0.033015	
               -0.005334	  ,               0.002469	
               -0.004019	  ,               0.021650	
                0.004736	  ,               0.027272	
                0.003683	  ,               0.021915	
               -0.003612	  ,               0.007424	
               -0.000910	  ,              -0.014726	
                0.005021	  ,              -0.026770	
                0.010268	  ,              -0.037855	
                0.012297	  ,              -0.041342	
                0.006536	  ,              -0.026712	
               -0.000413	  ,              -0.002251	
               -0.001273	  ,               0.033927	
                0.006484	  ,               0.048209	
                0.005454	  ,               0.061333	
                0.000863	  ,               0.073137	
               -0.005081	  ,               0.076708	
               -0.008814	  ,               0.067006	
               -0.010833	  ,               0.064308	
               -0.007764	  ,               0.061746	
                0.001061	  ,               0.044580	
               -0.002634	  ,               0.010966	
                0.002958	  ,              -0.052101	
                0.003981	  ,              -0.060722	
               -0.000567	  ,              -0.052937	
                0.003677	  ,              -0.031638	
               -0.000022	  ,              -0.038077	
               -0.002026	  ,              -0.055508	
               -0.006225	  ,              -0.060754	
               -0.005684	  ,              -0.046340	
               -0.004120	  ,              -0.015518	
               -0.005264	  ,               0.004466	
               -0.001321	  ,               0.008012	
                0.000253	  ,               0.024402	
                0.002514	  ,               0.039248	
                0.004594	  ,               0.036510	
               -0.001123	  ,               0.034097	
                0.006688	  ,               0.027436	
                0.007719	  ,               0.021269	
                0.008571	  ,               0.008179	
                0.019740	  ,              -0.000341	
                0.024311	  ,              -0.004976	
                0.020271	  ,               0.013029	
                0.019110	  ,               0.025272	
                0.018117	  ,               0.027339	
                0.008669	  ,               0.029189	
                0.002438	  ,               0.038245	
               -0.000744	  ,               0.026141	
               -0.005976	  ,               0.005970	
               -0.006810	  ,               0.003094	
               -0.009349	  ,               0.030187	
               -0.010014	  ,               0.033608	
               -0.012041	  ,               0.017083	
               -0.020324	  ,               0.002082	
               -0.025898	  ,               0.010100	
               -0.028936	  ,               0.022355	
               -0.020490	  ,               0.042590	
               -0.014913	  ,               0.045281	
               -0.007627	  ,               0.032955	
               -0.008463	  ,               0.021812	
               -0.005929	  ,              -0.008781	
               -0.003750	  ,              -0.074879	
               -0.007338	  ,              -0.084325	
                0.000894	  ,              -0.092918	
                0.004062	  ,              -0.116262	
                0.000973	  ,              -0.151852	
               -0.001788	  ,              -0.158380	
                0.000679	  ,              -0.105548	
               -0.001594	  ,              -0.055956	
                0.000373	  ,              -0.023768	
                0.009774	  ,              -0.006451	
                0.011048	  ,               0.009389	
                0.007231	  ,               0.014044	
                0.010355	  ,               0.027092	
                0.005023	  ,               0.030827	
                0.000362	  ,               0.027118	
               -0.002253	  ,               0.023753	
               -0.001627	  ,               0.008689	
               -0.003662	  ,               0.005760	
               -0.000614	  ,               0.012756	
               -0.009415	  ,               0.019068	
               -0.005735	  ,               0.016788	
               -0.013590	  ,               0.022195	
               -0.007907	  ,               0.010346	
               -0.000699	  ,               0.008861	
                0.003806	  ,               0.023123	
                0.009666	  ,               0.029111	
                0.018060	  ,               0.027799	
                0.014791	  ,               0.023541	
                0.013737	  ,               0.016869	
                0.009117	  ,               0.020826	
                0.011623	  ,               0.028844	
                0.010935	  ,               0.036359	
                0.003156	  ,               0.046918	
               -0.002078	  ,               0.054081	
               -0.006618	  ,               0.060538	
               -0.000671	  ,               0.057506	
                0.000051	  ,               0.062903	
                0.005020	  ,               0.056579	
               -0.004394	  ,               0.052421	
               -0.005679	  ,               0.048769	
               -0.006777	  ,               0.038161	
               -0.003476	  ,               0.015182	
               -0.004414	  ,              -0.007843	
                0.002062	  ,              -0.040892	
               -0.002114	  ,              -0.080749	
               -0.010527	  ,              -0.096801	
               -0.007268	  ,              -0.082644	
                0.000064	  ,              -0.069711	
                0.004709	  ,              -0.058160	
                0.007329	  ,              -0.025656	
                0.017381	  ,              -0.012832	
                0.010535	  ,               0.006714	
                0.004386	  ,               0.039177	
                0.005518	  ,               0.043385	
                0.010874	  ,               0.031539	
                0.008254	  ,               0.020870	
                0.000544	  ,              -0.008503	
                0.007900	  ,              -0.027898	
                0.014415	  ,              -0.067370	
                0.018735	  ,              -0.061460	
                0.013567	  ,              -0.036635	
                0.008732	  ,              -0.014031	
                0.005757	  ,               0.006501	
               -0.002975	  ,               0.025155	
               -0.021877	  ,               0.042060	
               -0.046550	  ,               0.063316	
               -0.043332	  ,               0.093844	
               -0.028447	  ,               0.098129	
                0.001666	  ,               0.080396	
                0.021622	  ,               0.031194	
                0.018059	  ,              -0.075205	
                0.014837	  ,              -0.181984	
                0.011961	  ,              -0.251225	
                0.009293	  ,              -0.213254	
                0.006971	  ,              -0.155549	
                0.004804	  ,              -0.082500	
               -0.005323	  ,              -0.035047	
                0.003986	  ,              -0.009138	
               -0.004484	  ,              -0.001381	
               -0.015155	  ,               0.005640	
               -0.024814	  ,               0.024778	
               -0.026004	  ,               0.042002	
               -0.031589	  ,               0.057656	
               -0.028567	  ,               0.062101	
               -0.035021	  ,               0.074966	
               -0.035903	  ,               0.086464	
               -0.024434	  ,               0.082601	
               -0.019401	  ,               0.072618	
               -0.020966	  ,               0.087304	
               -0.011371	  ,               0.084331	
                0.002443	  ,               0.086363	
                0.022850	  ,               0.088183	
                0.020101	  ,               0.101963	
                0.027366	  ,               0.114487	
                0.033944	  ,               0.139333	
                0.027830	  ,               0.127959	
                0.018503	  ,               0.104414	
                0.013417	  ,               0.083145	
                0.021027	  ,               0.080051	
                0.008499	  ,               0.057427	
               -0.006741	  ,               0.012262	
               -0.004727	  ,              -0.084876	
                0.000830	  ,              -0.182121	
                0.012637	  ,              -0.245227	
                0.017173	  ,              -0.325829	
                0.007502	  ,              -0.315632	
                0.001196	  ,              -0.249506	
               -0.002070	  ,              -0.206615	
                0.009393	  ,              -0.136346	
                0.007827	  ,              -0.089275	
                0.000839	  ,              -0.046424	
                0.001950	  ,              -0.023335	
                0.007444	  ,               0.011958	
                0.012579	  ,               0.031049	
                0.018890	  ,               0.036643	
                0.016220	  ,               0.031272	
                0.007621	  ,               0.035879	
                0.008524	  ,               0.031300	
                0.003202	  ,               0.034919	
                0.000474	  ,               0.045408	
               -0.010662	  ,               0.041774	
               -0.030604	  ,               0.044117	
               -0.027887	  ,               0.062639	
               -0.015189	  ,               0.079479	
               -0.007905	  ,               0.086256	
                0.003289	  ,               0.092461	
                0.005357	  ,               0.090179	
               -0.000199	  ,               0.091881	
               -0.005261	  ,               0.100264	
               -0.012870	  ,               0.101767	
               -0.016934	  ,               0.097746	
               -0.008147	  ,               0.091583	
               -0.009182	  ,               0.079195	
               -0.003969	  ,               0.053989	
               -0.001297	  ,              -0.000462	
                0.002894	  ,              -0.102048	
                0.003543	  ,              -0.087864	
               -0.000033	  ,              -0.049808	
                0.005700	  ,              -0.014959	
                0.006353	  ,              -0.004296	
               -0.004327	  ,               0.005467	
               -0.024311	  ,               0.031621	
               -0.010623	  ,               0.024093	
               -0.008271	  ,               0.017228	
               -0.010466	  ,               0.011036	
               -0.012463	  ,              -0.018006	
               -0.010555	  ,              -0.044362	
               -0.002040	  ,              -0.078006	
                0.002602	  ,              -0.117572	
                0.006739	  ,              -0.165427	
                0.005618	  ,              -0.158842	
                0.006672	  ,              -0.094134	
                0.003661	  ,              -0.033732	
                0.004532	  ,              -0.010399	
                0.012352	  ,               0.025153	
                0.009325	  ,               0.044471	
                0.004759	  ,               0.050352	
                0.008978	  ,               0.045357	
                0.012686	  ,               0.050451	
                0.019101	  ,               0.046500	
                0.021615	  ,               0.043114	
                0.028521	  ,               0.025577	
                0.023923	  ,               0.009719	
                0.021371	  ,              -0.004637	
                0.016130	  ,               0.003972	
                0.005482	  ,               0.041628	
               -0.002119	  ,               0.079250	
               -0.017343	  ,               0.084392	
               -0.035788	  ,               0.089211	
               -0.028520	  ,               0.093537	
               -0.021927	  ,               0.083242	
               -0.019905	  ,               0.067440	
               -0.018069	  ,               0.065119	
               -0.026545	  ,               0.051951	
               -0.028063	  ,               0.015240	
               -0.018406	  ,              -0.010878	
                0.000564	  ,              -0.044329	
                0.003298	  ,              -0.066002	
                0.005685	  ,              -0.085655	
                0.007894	  ,              -0.096223	
                0.018037	  ,              -0.092793	
                0.023586	  ,              -0.095526	
                0.028652	  ,              -0.092753	
                0.027139	  ,              -0.109989	
                0.020220	  ,              -0.125586	
                0.023953	  ,              -0.119614	
                0.020758	  ,              -0.106793	
                0.019770	  ,              -0.081605	
                0.020631	  ,              -0.034369	
                0.021503	  ,              -0.015181	
                0.017825	  ,               0.002179	
                0.007240	  ,               0.018001	
               -0.009620	  ,               0.022642	
               -0.029869	  ,               0.035707	
               -0.043526	  ,               0.031663	
               -0.050756	  ,               0.020674	
               -0.057326	  ,               0.010681	
               -0.047144	  ,               0.013322	
               -0.037800	  ,               0.026760	
               -0.022507	  ,               0.053711	
               -0.012273	  ,               0.064253	
                0.000841	  ,               0.054203	
               -0.000773	  ,               0.039181	
                0.013155	  ,               0.047249	
                0.015057	  ,               0.049582	
                0.016788	  ,               0.056157	
                0.015289	  ,               0.041911	
                0.019370	  ,               0.043710	
                0.020578	  ,               0.038544	
                0.017373	  ,               0.021508	
                0.016360	  ,               0.032533	
                0.006030	  ,               0.046563	
               -0.003640	  ,               0.055628	
               -0.004868	  ,               0.057039	
               -0.008146	  ,               0.042863	
               -0.005184	  ,               0.014644	
                0.001145	  ,              -0.021677	
               -0.001495	  ,              -0.046153	
               -0.002266	  ,              -0.112589	
               -0.003057	  ,              -0.160254	
                0.002615	  ,              -0.117438	
                0.006302	  ,              -0.094429	
                0.002734	  ,              -0.073451	
                0.003222	  ,              -0.041443	
                0.003534	  ,              -0.020250	
                0.001840	  ,              -0.003149	
                0.003367	  ,              -0.019398	
                0.006451	  ,              -0.005368	
                0.012932	  ,              -0.001321	
                0.027023	  ,               0.018296	
                0.012862	  ,               0.036069	
               -0.000120	  ,               0.032566	
               -0.001757	  ,               0.029427	
                0.002857	  ,               0.037320	
               -0.001161	  ,               0.034742	
               -0.007398	  ,               0.036761	
               -0.001801	  ,               0.022418	
               -0.007053	  ,               0.016760	
               -0.017393	  ,              -0.005246	
               -0.038230	  ,               0.003613	
               -0.029482	  ,               0.017418	
               -0.010424	  ,               0.019909	
               -0.003205	  ,               0.017841	
               -0.001056	  ,               0.007811	
                0.009044	  ,              -0.001389	
                0.007134	  ,               0.017311	
                0.005394	  ,               0.019746	
               -0.011553	  ,               0.017604	
               -0.018148	  ,               0.007523	
               -0.020156	  ,               0.002024	
               -0.010823	  ,              -0.013105	
                0.001069	  ,              -0.027223	
                0.008750	  ,              -0.025280	
                0.010162	  ,              -0.020146	
                0.013943	  ,              -0.012474	
                0.008409	  ,              -0.008372	
                0.005387	  ,              -0.007164	
                0.011827	  ,              -0.001608	
                0.014365	  ,              -0.004688	
                0.016540	  ,               0.005562	
                0.021396	  ,               0.020701	
                0.019640	  ,               0.026702	
                0.022439	  ,               0.024748	
                0.022875	  ,               0.022960	
                0.019764	  ,               0.021357	
                0.013294	  ,               0.022631	
               -0.000747	  ,               0.011200	
                0.005382	  ,               0.000460	
               -0.007572	  ,               0.001734	
               -0.026076	  ,              -0.007172	
               -0.028340	  ,              -0.022183	
               -0.017056	  ,              -0.044731	
               -0.010862	  ,              -0.053558	
               -0.020070	  ,              -0.039864	
               -0.011521	  ,              -0.022563	
               -0.019056	  ,              -0.020324	
               -0.023043	  ,              -0.006062	
               -0.016718	  ,               0.003296	
               -0.013447	  ,               0.011855	
               -0.003921	  ,               0.013530	
               -0.010126	  ,               0.017812	
               -0.004505	  ,               0.016918	
               -0.005490	  ,               0.018232	
                0.000967	  ,               0.013270	
                0.005214	  ,               0.010861	
                0.013687	  ,               0.003391	
                0.016912	  ,              -0.003572	
                0.017940	  ,              -0.013629	
                0.024390	  ,              -0.020351	
                0.021865	  ,              -0.019030	
                0.010373	  ,              -0.013352	
               -0.001431	  ,              -0.006012	
               -0.005947	  ,               0.006240	
               -0.004542	  ,               0.004627	
                0.001772	  ,               0.009276	
               -0.001388	  ,               0.005357	
               -0.006592	  ,              -0.003179	
               -0.003854	  ,              -0.006094	
                0.005626	  ,              -0.004861	
               -0.000636	  ,              -0.003871	
               -0.003853	  ,              -0.011555	
                0.001389	  ,              -0.008471	
                0.005964	  ,              -0.007623	
                0.008518	  ,               0.000139	
                0.020039	  ,               0.009603	
                0.018366	  ,               0.025983	
                0.019887	  ,               0.023759	
                0.026796	  ,               0.033897	
                0.030489	  ,               0.028335	
                0.029426	  ,               0.030097	
                0.022091	  ,               0.031758	
                0.007981	  ,               0.027928	
                0.001814	  ,               0.009284	
               -0.015023	  ,              -0.004141	
               -0.035405	  ,              -0.006275	
               -0.049164	  ,              -0.026409	
               -0.061579	  ,              -0.023571	
               -0.068265	  ,              -0.016191	
               -0.054138	  ,              -0.000547	
               -0.048643	  ,               0.005594	
               -0.026750	  ,               0.026088	
               -0.018045	  ,               0.034216	
               -0.009995	  ,               0.021868	
                0.002280	  ,               0.037422	
                0.004407	  ,               0.031358	
                0.010609	  ,               0.015493	
                0.016646	  ,              -0.008669	
                0.018458	  ,              -0.038400	
                0.020102	  ,              -0.066256	
                0.015485	  ,              -0.091562	
                0.011400	  ,              -0.088266	
                0.010181	  ,              -0.067376	
                0.017925	  ,              -0.064603	
                0.014842	  ,              -0.066903	
                0.012106	  ,              -0.055681	
                0.012923	  ,              -0.025032	
                0.002921	  ,               0.005751	
                0.004246	  ,               0.041745	
               -0.002055	  ,               0.065882	
               -0.007675	  ,               0.078985	
               -0.002467	  ,               0.058903	
                0.002058	  ,               0.040686	
               -0.000527	  ,               0.024142	
                0.003139	  ,              -0.021009	
                0.006638	  ,              -0.079533	
                0.007104	  ,              -0.087463	
                0.009925	  ,              -0.023485	
                0.011386	  ,               0.019548	
                0.008286	  ,               0.042807	
                0.011112	  ,               0.064019	
                0.007510	  ,               0.070334	
                0.000521	  ,               0.075954	
               -0.004776	  ,               0.059921	
               -0.007517	  ,               0.064522	
               -0.001631	  ,               0.051158	
                0.008325	  ,               0.030970	
                0.006948	  ,               0.005350	
                0.013189	  ,              -0.031292	
                0.014189	  ,              -0.065361	
                0.013153	  ,              -0.105367	
                0.008558	  ,              -0.132172	
                0.009378	  ,              -0.098589	
               -0.002173	  ,              -0.059059	
               -0.024225	  ,              -0.011248	
               -0.021428	  ,               0.007771	
               -0.013410	  ,               0.013225	
               -0.011154	  ,               0.018152	
               -0.013462	  ,               0.032197	
               -0.011543	  ,               0.036204	
               -0.009773	  ,               0.031944	
               -0.011548	  ,               0.020811	
               -0.000940	  ,               0.023799	
               -0.005044	  ,               0.008725	
               -0.006257	  ,               0.011302	
               -0.009474	  ,               0.013690	
               -0.008447	  ,               0.007203	
               -0.002005	  ,              -0.002800	
                0.003942	  ,              -0.011948	
               -0.005982	  ,              -0.023703	
               -0.001837	  ,              -0.025188	
                0.004541	  ,              -0.018240	
                0.003671	  ,              -0.021935	
                0.000761	  ,              -0.020871	
                0.001720	  ,              -0.007121	
               -0.000742	  ,               0.005896	
                0.003047	  ,               0.017690	
                0.007997	  ,               0.016149	
                0.003794	  ,               0.031420	
               -0.002622	  ,               0.041700	
               -0.006838	  ,               0.032538	
               -0.007499	  ,               0.037752	
               -0.002557	  ,               0.042484	
                0.000560	  ,               0.032996	
               -0.002226	  ,               0.014174	
                0.005670	  ,              -0.004865	
                0.009036	  ,              -0.032047	
                0.006157	  ,              -0.042822	
                0.009034	  ,              -0.026323	
                0.004965	  ,              -0.017382	
                0.005793	  ,              -0.009082	
                0.009480	  ,              -0.006501	
                0.000122	  ,              -0.004085	
                0.001592	  ,               0.018647	
                0.000520	  ,               0.051847	
               -0.002595	  ,               0.056500	
               -0.005535	  ,               0.052910	
               -0.004561	  ,               0.020421	
               -0.000182	  ,               0.016299	
                0.000648	  ,               0.004691	
               -0.005645	  ,               0.001354	
                0.002243	  ,              -0.021410	
                0.009610	  ,              -0.024021	
                0.014281	  ,              -0.004605	
                0.022177	  ,               0.018025	
                0.027536	  ,               0.021220	
                0.024928	  ,               0.035249	
                0.030952	  ,               0.072769	
                0.031723	  ,               0.057121	
                0.032491	  ,               0.013692	
                0.023111	  ,              -0.027083	
                0.021886	  ,              -0.042839	
                0.013233	  ,              -0.076513	
                0.000867	  ,              -0.142421	
               -0.010852	  ,              -0.170609	
               -0.009207	  ,              -0.161806	
               -0.016028	  ,              -0.138348	
               -0.034552	  ,              -0.067901	
               -0.048368	  ,              -0.018095	
               -0.065090	  ,               0.014287	
               -0.071693	  ,               0.031757	
               -0.053276	  ,               0.047701	
               -0.026056	  ,               0.062115	
               -0.000689	  ,               0.101873	
                0.002489	  ,               0.128377	
                0.017341	  ,               0.113911	
                0.020026	  ,               0.074021	
                0.027308	  ,               0.025782	
                0.020753	  ,               0.019101	
                0.014703	  ,               0.013102	
                0.005422	  ,              -0.024348	
               -0.013164	  ,              -0.029328	
               -0.020438	  ,              -0.016381	
               -0.027041	  ,              -0.004779	
               -0.041260	  ,              -0.008612	
               -0.039459	  ,               0.007471	
               -0.031087	  ,               0.027910	
               -0.017323	  ,               0.013807	
               -0.008142	  ,              -0.003849	
                0.006947	  ,              -0.019800	
                0.016954	  ,              -0.026289	
                0.011203	  ,              -0.039710	
                0.012708	  ,              -0.038392	
                0.020118	  ,              -0.061715	
                0.018579	  ,              -0.091672	
                0.007068	  ,              -0.103603	
               -0.006963	  ,              -0.063502	
               -0.005227	  ,              -0.036926	
                0.006497	  ,              -0.022609	
                0.020261	  ,              -0.035870	
                0.022022	  ,              -0.032035	
                0.010061	  ,              -0.006715	
               -0.003901	  ,               0.029585	
               -0.013300	  ,               0.043862	
                0.005217	  ,               0.039388	
                0.007483	  ,               0.043226	
                0.013965	  ,               0.061262	
                0.011814	  ,               0.071002	
                0.009853	  ,               0.079731	
               -0.012260	  ,               0.060491	
               -0.021184	  ,               0.023065	
               -0.018627	  ,              -0.035877	
               -0.001521	  ,              -0.043918	
               -0.003878	  ,              -0.008667	
               -0.002016	  ,               0.023358	
                0.014569	  ,               0.028877	
                0.029977	  ,               0.012831	
                0.039984	  ,              -0.001594	
                0.041698	  ,               0.002896	
                0.039876	  ,              -0.000820	
                0.025905	  ,               0.003005	
                0.009102	  ,               0.013137	
                0.015684	  ,               0.040515	
                0.005549	  ,               0.051667	
               -0.011161	  ,               0.068429	
               -0.031443	  ,               0.083668	
               -0.050534	  ,               0.086690	
               -0.048135	  ,               0.059695	
               -0.036923	  ,               0.027053	
               -0.034857	  ,               0.005218	
               -0.018088	  ,              -0.006481	
               -0.011480	  ,              -0.024475	
               -0.009456	  ,              -0.014543	
                0.018456	  ,              -0.005602	
                0.030311	  ,               0.002665	
                0.033892	  ,               0.005170	
                0.030726	  ,              -0.001279	
                0.027915	  ,               0.000917	
                0.019874	  ,               0.010362	
                0.027236	  ,               0.008800	
                0.029529	  ,              -0.008002	
                0.023534	  ,              -0.041545	
                0.006876	  ,              -0.104536	
               -0.004205	  ,              -0.130307	
               -0.018329	  ,              -0.169280	
               -0.038717	  ,              -0.147871	
               -0.035939	  ,              -0.089415	
               -0.033508	  ,              -0.065923	
               -0.031244	  ,              -0.058645	
               -0.016968	  ,              -0.039186	
               -0.026202	  ,              -0.021610	
               -0.014303	  ,               0.015759	
               -0.012750	  ,               0.020657	
               -0.000226	  ,               0.025231	
                0.008233	  ,               0.037225	
                0.006718	  ,               0.048176	
               -0.005794	  ,               0.058088	
                0.006061	  ,               0.073069	
                0.007613	  ,               0.092240	
                0.014594	  ,               0.084975	
                0.010888	  ,               0.087121	
                0.011920	  ,               0.080918	
                0.012967	  ,               0.063985	
                0.006589	  ,               0.039093	
                0.009190	  ,               0.015914	
                0.003998	  ,              -0.005048	
                0.004745	  ,              -0.029899	
               -0.000934	  ,              -0.039850	
               -0.013558	  ,              -0.073119	
               -0.025006	  ,              -0.082020	
               -0.019893	  ,              -0.057445	
               -0.009222	  ,              -0.054368	
               -0.002303	  ,              -0.051640	
                0.014087	  ,              -0.043663	
                0.016257	  ,              -0.036540	
                0.010122	  ,              -0.016398	
                0.000762	  ,              -0.002858	
                0.002395	  ,               0.009306	
                0.006908	  ,               0.015680	
                0.008236	  ,               0.021493	
                0.009394	  ,               0.015615	
                0.006169	  ,               0.013617	
               -0.001096	  ,               0.020913	
               -0.009537	  ,               0.024680	
               -0.010519	  ,               0.023213	
               -0.007444	  ,               0.017358	
               -0.002857	  ,               0.018112	
               -0.000326	  ,               0.011436	
                0.003375	  ,               0.012057	
                0.005349	  ,               0.004917	
                0.001063	  ,               0.009292	
                0.002705	  ,               0.009946	
                0.001125	  ,               0.006018	
               -0.001161	  ,               0.003751	
               -0.004134	  ,               0.007749	
               -0.006096	  ,               0.003475	
               -0.004490	  ,               0.001837	
                0.000521	  ,               0.004909	
                0.002494	  ,               0.005314	
                0.005512	  ,               0.001881	
                0.010780	  ,               0.002378	
                0.014362	  ,              -0.000328	
                0.010167	  ,               0.003422	
                0.013086	  ,              -0.000618	
                0.010597	  ,              -0.002125	
                0.003722	  ,              -0.007699	
               -0.011959	  ,               0.000925	
               -0.023087	  ,               0.011405	
               -0.012888	  ,               0.015622	
               -0.014702	  ,               0.014623	
               -0.016351	  ,               0.018034	
               -0.014794	  ,               0.015167	
               -0.021685	  ,               0.016140	
               -0.010312	  ,               0.010287	
               -0.011795	  ,              -0.001196	
               -0.007700	  ,              -0.026589	
               -0.001422	  ,              -0.052006	
               -0.002428	  ,              -0.048864	
                0.000635	  ,              -0.034063	
                0.003349	  ,              -0.020465	
                0.009282	  ,              -0.008214	
                0.011496	  ,              -0.001663	
                0.009492	  ,               0.000364	
                0.010024	  ,               0.002281	
                0.008382	  ,               0.000651	
                0.005901	  ,               0.002258	
                0.012889	  ,               0.001080	
                0.005647	  ,               0.012642	
                0.012102	  ,               0.011367	
                0.012991	  ,               0.015656	
                0.003035	  ,               0.017074	
               -0.001016	  ,               0.014098	
                0.002698	  ,               0.017402	
                0.003693	  ,               0.018499	
                0.004690	  ,               0.014496	
                0.011111	  ,               0.006240	
                0.010256	  ,              -0.001362	
                0.020235	  ,              -0.002213	
                0.016191	  ,              -0.004779	
                0.004892	  ,              -0.005495	
                0.000371	  ,              -0.001653	
                0.007361	  ,               0.003368	
                0.006233	  ,               0.012941	
                0.003095	  ,               0.011679	
               -0.012555	  ,              -0.007199	
               -0.014687	  ,              -0.037257	
               -0.008527	  ,              -0.025382	
               -0.017767	  ,              -0.036186	
               -0.032914	  ,              -0.032973	
               -0.030807	  ,              -0.018100	
               -0.017715	  ,              -0.010001	
               -0.015957	  ,              -0.002758	
               -0.008292	  ,              -0.000604	
               -0.009605	  ,               0.005448	
               -0.003309	  ,               0.010987	
               -0.000053	  ,               0.009259	
               -0.001041	  ,               0.007707	
                0.001663	  ,              -0.013144	
                0.005876	  ,              -0.033996	
                0.006543	  ,              -0.025929	
               -0.001259	  ,              -0.003684	
                0.001764	  ,               0.017025	
               -0.002821	  ,               0.025016	
                0.001401	  ,               0.032156	
                0.008365	  ,               0.034221	
                0.012966	  ,               0.040198	
                0.003518	  ,               0.045712	
                0.004729	  ,               0.043979	
               -0.000832	  ,               0.042461	
                0.005276	  ,               0.029830	
                0.006302	  ,               0.009094	
                0.010880	  ,              -0.017873	
                0.001407	  ,              -0.006937	
               -0.004858	  ,              -0.010055	
               -0.005882	  ,              -0.049052	
                0.001368	  ,              -0.064896	
                0.005896	  ,              -0.060111	
               -0.003614	  ,              -0.038096	
                0.007667	  ,              -0.034183	
                0.015231	  ,              -0.037732	
                0.019240	  ,              -0.047542	
                0.017976	  ,              -0.032650	
                0.010079	  ,              -0.013547	
                0.002677	  ,              -0.001219	
                0.005248	  ,               0.005337	
                0.002566	  ,               0.011386	
               -0.007563	  ,               0.016911	
               -0.017339	  ,               0.018548	
               -0.021191	  ,               0.013918	
               -0.024537	  ,               0.015191	
               -0.021646	  ,               0.018842	
               -0.030251	  ,               0.015548	
               -0.029374	  ,               0.022753	
               -0.015803	  ,               0.027281	
               -0.014054	  ,               0.028103	
               -0.005720	  ,               0.025865	
               -0.010417	  ,               0.033603	
               -0.006472	  ,               0.030538	
                0.002228	  ,               0.024083	
                0.003161	  ,               0.021515	
                0.010386	  ,               0.020813	
                0.011212	  ,               0.010135	
                0.010341	  ,               0.005547	
                0.001850	  ,              -0.004121	
                0.005027	  ,              -0.012958	
                0.014462	  ,              -0.000481	
                0.015624	  ,               0.001160	
                0.016632	  ,               0.002622	
                0.019683	  ,               0.015051	
                0.017003	  ,               0.016651	
                0.012786	  ,               0.024220	
                0.001285	  ,               0.017294	
               -0.013925	  ,               0.005979	
               -0.015936	  ,              -0.016998	
               -0.006623	  ,              -0.053321	
               -0.004924	  ,              -0.067647	
               -0.003400	  ,              -0.072022	
               -0.002042	  ,              -0.075937	
                0.001691	  ,              -0.057895	
                0.000679	  ,              -0.054775	
                0.003734	  ,              -0.046108	
                0.001052	  ,              -0.027141	
               -0.001468	  ,              -0.010068	
                0.003770	  ,               0.005321	
                0.007315	  ,               0.011255	
                0.004272	  ,               0.024133	
                0.005986	  ,               0.025709	
                0.001282	  ,               0.030213	
               -0.000372	  ,               0.026141	
                0.008474	  ,               0.017370	
                0.024932	  ,               0.020649	
                0.027169	  ,               0.021755	
                0.025188	  ,               0.028305	
                0.023367	  ,               0.017290	
                0.021696	  ,               0.018983	
                0.004808	  ,               0.009513	
                0.002641	  ,               0.013381	
               -0.003419	  ,               0.021298	
                0.002203	  ,               0.011932	
               -0.006218	  ,               0.018270	
               -0.007693	  ,               0.010554	
               -0.011688	  ,              -0.005127	
               -0.022945	  ,              -0.016261	
               -0.018302	  ,              -0.014195	
               -0.008570	  ,              -0.019750	
               -0.009673	  ,              -0.018047	
               -0.019892	  ,              -0.010448	
               -0.026745	  ,               0.002073	
               -0.032922	  ,               0.010552	
               -0.031824	  ,               0.012118	
               -0.016020	  ,               0.013536	
               -0.000381	  ,               0.014775	
                0.005780	  ,               0.022593	
                0.011408	  ,               0.019584	
                0.002970	  ,               0.016899	
               -0.004629	  ,               0.016058	
               -0.008668	  ,               0.018280	
               -0.014897	  ,               0.007654	
               -0.002349	  ,              -0.015291	
                0.002750	  ,              -0.031625	
               -0.001797	  ,              -0.022771	
               -0.003136	  ,              -0.025435	
                0.008195	  ,              -0.032676	
                0.012736	  ,              -0.034862	
                0.016764	  ,              -0.012381	
                0.007943	  ,               0.014628	
                0.004709	  ,               0.025382	
                0.007728	  ,               0.035108	
                0.006870	  ,               0.037905	
               -0.000905	  ,               0.029713	
                0.006206	  ,               0.032350	
                0.015677	  ,               0.029926	
                0.011938	  ,               0.014312	
                0.006342	  ,              -0.008239	
               -0.000928	  ,              -0.023168	
               -0.003628	  ,              -0.036896	
               -0.009530	  ,              -0.039265	
               -0.007314	  ,              -0.045829	
               -0.002405	  ,              -0.055941	
                0.005887	  ,              -0.057753	
               -0.004432	  ,              -0.049254	
               -0.003089	  ,              -0.041642	
                0.005691	  ,              -0.037593	
                0.002438	  ,              -0.026251	
               -0.000658	  ,              -0.003263	
               -0.003437	  ,               0.006535	
               -0.009452	  ,               0.021405	
               -0.004304	  ,               0.029520	
               -0.006431	  ,               0.031914	
               -0.009570	  ,               0.034162	
               -0.014899	  ,               0.036260	
               -0.005671	  ,               0.027012	
               -0.002012	  ,               0.025342	
                0.005692	  ,               0.026863	
               -0.001646	  ,               0.030918	
                0.006775	  ,               0.014510	
                0.007775	  ,              -0.005774	
                0.008799	  ,              -0.024871	
                0.011559	  ,              -0.037198	
                0.007400	  ,              -0.025997	
                0.005251	  ,              -0.015821	
                0.014627	  ,              -0.013955	
                0.018425	  ,              -0.005515	
                0.017500	  ,               0.005107	
                0.010317	  ,               0.003689	
               -0.001782	  ,              -0.000122	
               -0.006769	  ,              -0.015119	
               -0.005166	  ,              -0.013216	
               -0.009155	  ,              -0.000337	
               -0.010271	  ,               0.011343	
               -0.006985	  ,               0.009658	
                0.000352	  ,               0.013597	
                0.003118	  ,               0.019803	
                0.004027	  ,               0.027571	
                0.000355	  ,               0.034880	
                0.003944	  ,               0.045275	
               -0.005497	  ,               0.041315	
               -0.015113	  ,               0.047664	
               -0.013907	  ,               0.044536	
               -0.006107	  ,               0.035136	
                0.001174	  ,               0.036379	
               -0.003388	  ,               0.035411	
               -0.011159	  ,               0.023937	
               -0.010144	  ,               0.003985	
               -0.018600	  ,              -0.015117	
               -0.013029	  ,              -0.042342	
               -0.005779	  ,              -0.045895	
               -0.004944	  ,              -0.055693	
                0.002823	  ,              -0.052783	
                0.014307	  ,              -0.022633	
                0.012772	  ,              -0.018704	
                0.019692	  ,              -0.029470	
                0.018499	  ,              -0.019588	
                0.024068	  ,              -0.022381	
                0.023025	  ,              -0.024998	
                0.018419	  ,              -0.027262	
                0.014144	  ,              -0.038311	
                0.013428	  ,              -0.052414	
                0.002730	  ,              -0.050463	
               -0.001880	  ,              -0.038537	
               -0.008864	  ,              -0.015446	
               -0.000118	  ,               0.001041	
               -0.001171	  ,               0.009897	
               -0.008488	  ,               0.007219	
               -0.018858	  ,               0.004870	
               -0.031435	  ,               0.011479	
               -0.050098	  ,               0.017571	
               -0.047780	  ,               0.011964	
               -0.018572	  ,               0.016995	
               -0.014746	  ,               0.027611	
               -0.003975	  ,               0.037236	
               -0.007240	  ,               0.043488	
               -0.004409	  ,               0.049052	
               -0.001760	  ,               0.052081	
               -0.009089	  ,               0.052919	
               -0.002540	  ,               0.052075	
                0.003493	  ,               0.046825	
                0.012745	  ,               0.036136	
                0.011008	  ,               0.025443	
                0.012486	  ,               0.004602	
                0.011091	  ,              -0.034500	
                0.012242	  ,              -0.050433	
                0.017792	  ,              -0.064845	
                0.020819	  ,              -0.060483	
                0.012348	  ,              -0.048677	
                0.009138	  ,              -0.030619	
                0.010152	  ,              -0.020860	
                0.007435	  ,              -0.012134	
                0.006584	  ,              -0.009515	
                0.008790	  ,              -0.002355	
                0.005270	  ,               0.004115	
                0.005144	  ,               0.006524	
               -0.003102	  ,              -0.007819	
                0.000149	  ,              -0.006104	
                0.005428	  ,               0.002195	
               -0.006726	  ,               0.000512	
               -0.001598	  ,              -0.006585	
                0.003037	  ,              -0.002995	
                0.001755	  ,               0.007203	
               -0.004429	  ,               0.005763	
               -0.007557	  ,               0.009458	
               -0.000191	  ,               0.008430	
                0.004462	  ,               0.011449	
                0.007073	  ,               0.012281	
                0.007813	  ,               0.004491	
               -0.001431	  ,               0.011751	
                0.002356	  ,               0.016318	
                0.001408	  ,               0.008546	
                0.002471	  ,              -0.000904	
                0.001659	  ,              -0.004578	
               -0.000860	  ,              -0.005509	
                0.002878	  ,               0.006106	
                0.009335	  ,               0.004705	
                0.006836	  ,               0.003501	
                0.006189	  ,              -0.005147	
               -0.000231	  ,              -0.001802	
                0.002301	  ,               0.001365	
                0.004488	  ,              -0.003088	
               -0.006180	  ,              -0.007215	
               -0.010733	  ,              -0.004925	
               -0.009347	  ,               0.004479	
               -0.000502	  ,               0.005759	
               -0.006024	  ,               0.002624	
               -0.013252	  ,              -0.006775	
               -0.012351	  ,              -0.005541	
               -0.013160	  ,               0.002271	
               -0.010912	  ,               0.005306	
               -0.008812	  ,               0.009822	
               -0.005693	  ,               0.005508	
               -0.003921	  ,               0.003197	
                0.001910	  ,               0.002383	
               -0.003269	  ,               0.002712	
               -0.003893	  ,              -0.000345	
               -0.013332	  ,               0.002031	
               -0.003660	  ,               0.004951	
                0.000066	  ,               0.004527	
               -0.003157	  ,               0.010260	
               -0.004204	  ,               0.014555	
               -0.010650	  ,               0.009433	
               -0.008146	  ,               0.004673	
               -0.006003	  ,               0.001799	
               -0.001176	  ,               0.000267	
                0.004499	  ,              -0.001106	
                0.009659	  ,              -0.006058	
               -0.001053	  ,              -0.010852	
               -0.002613	  ,              -0.016487	
               -0.001304	  ,              -0.012662	
                0.002383	  ,              -0.017474	
                0.001325	  ,              -0.024317	
               -0.003935	  ,              -0.019661	
                0.002491	  ,              -0.006723	
                0.006730	  ,              -0.001060	
                0.011993	  ,               0.000706	
                0.008448	  ,               0.008389	
               -0.001009	  ,               0.004401	
               -0.005044	  ,              -0.001806	
                0.006298	  ,              -0.007348	
                0.007820	  ,              -0.010353	
                0.014738	  ,              -0.014892	
                0.010996	  ,              -0.012337	
                0.007747	  ,              -0.005388	
                0.000434	  ,              -0.017559	
                0.003107	  ,              -0.015860	
                0.012538	  ,              -0.005208	
                0.016213	  ,               0.004428	
                0.012938	  ,               0.008140	
                0.018117	  ,               0.009155	
                0.018902	  ,               0.014386	
                0.005996	  ,               0.007932	
                0.000358	  ,               0.008736	
               -0.011523	  ,               0.013934	
               -0.000910	  ,               0.009001	
               -0.007869	  ,               0.015942	
               -0.001613	  ,               0.016797	
               -0.007192	  ,               0.029637	
               -0.018682	  ,               0.038916	
               -0.017147	  ,               0.040584	
               -0.024049	  ,               0.039027	
               -0.022813	  ,               0.034926	
               -0.014979	  ,               0.036050	
               -0.007655	  ,               0.030404	
                0.002726	  ,               0.014636	
                0.001438	  ,               0.003453	
                0.007749	  ,              -0.006710	
                0.008800	  ,              -0.030916	
                0.018311	  ,              -0.067322	
                0.001942	  ,              -0.081735	
                0.008576	  ,              -0.077364	
                0.018747	  ,              -0.073496	
                0.024337	  ,              -0.048147	
                0.015893	  ,              -0.031764	
                0.011349	  ,              -0.016931	
               -0.007571	  ,              -0.002957	
               -0.014492	  ,              -0.000326	
               -0.015654	  ,               0.006850	
               -0.014608	  ,               0.008938	
               -0.005095	  ,               0.010844	
               -0.021456	  ,               0.016307	
               -0.028013	  ,               0.014486	
               -0.030011	  ,               0.012795	
               -0.024409	  ,               0.011238	
               -0.009171	  ,               0.009839	
               -0.011192	  ,               0.004007	
               -0.013058	  ,               0.008977	
               -0.004623	  ,               0.015116	
                0.006002	  ,               0.010603	
                0.015603	  ,               0.008121	
                0.016745	  ,               0.005845	
                0.022281	  ,               0.003984	
                0.021216	  ,               0.004388	
                0.016597	  ,               0.009044	
                0.022451	  ,               0.010661	
                0.018648	  ,               0.006516	
                0.023471	  ,              -0.000289	
                0.017636	  ,              -0.004868	
                0.013826	  ,               0.002916	
                0.005948	  ,               0.006000	
                0.002799	  ,               0.010645	
               -0.007631	  ,               0.011602	
               -0.000811	  ,               0.000237	
               -0.007183	  ,              -0.021529	
               -0.019826	  ,              -0.024172	
               -0.021637	  ,              -0.010301	
               -0.020224	  ,              -0.002899	
               -0.013397	  ,              -0.000579	
               -0.019759	  ,               0.005653	
               -0.023066	  ,               0.007653	
               -0.015874	  ,               0.012820	
               -0.009513	  ,               0.008321	
               -0.010428	  ,              -0.012429	
               -0.012695	  ,              -0.021161	
               -0.002097	  ,              -0.023811	
                0.005460	  ,              -0.016549	
                0.009464	  ,              -0.001066	
                0.008234	  ,              -0.003223	
                0.007174	  ,              -0.005235	
                0.014413	  ,              -0.007116	
                0.017070	  ,              -0.008857	
                0.011100	  ,              -0.010371	
                0.004136	  ,               0.006014	
                0.003270	  ,               0.012727	
                0.011033	  ,               0.014972	
                0.003728	  ,               0.024561	
               -0.010360	  ,               0.026632	
               -0.016507	  ,               0.028545	
               -0.018436	  ,               0.024883	
               -0.010029	  ,               0.026487	
               -0.005487	  ,               0.044013	
               -0.001452	  ,               0.061672	
                0.004804	  ,               0.064243	
                0.005837	  ,               0.074729	
                0.013145	  ,               0.073207	
                0.015920	  ,               0.068449	
                0.010089	  ,               0.045731	
                0.010861	  ,               0.029590	
                0.012988	  ,              -0.003134	
                0.010046	  ,              -0.051435	
                0.010669	  ,              -0.083500	
                0.003020	  ,              -0.077505	
                0.006368	  ,              -0.061388	
                0.007523	  ,              -0.046841	
                0.006801	  ,              -0.059889	
                0.007769	  ,              -0.055896	
                0.007224	  ,              -0.045005	
                0.005329	  ,              -0.054770	
                0.008492	  ,              -0.063572	
                0.006916	  ,              -0.066307	
               -0.000763	  ,              -0.068754	
               -0.006257	  ,              -0.102566	
               -0.003139	  ,              -0.078587	
                0.001492	  ,              -0.021519	
               -0.007922	  ,               0.017231	
               -0.001621	  ,               0.023974	
               -0.007170	  ,               0.017202	
               -0.014413	  ,               0.022630	
               -0.013527	  ,               0.048830	
               -0.019405	  ,               0.053199	
               -0.007860	  ,               0.048443	
                0.000654	  ,               0.036272	
                0.002233	  ,               0.032440	
                0.006358	  ,               0.061948	
                0.005243	  ,               0.089646	
                0.002091	  ,               0.100308	
                0.001135	  ,               0.090368	
               -0.001506	  ,               0.087452	
               -0.000597	  ,               0.095600	
                0.003177	  ,               0.058488	
               -0.004544	  ,              -0.021423	
               -0.007540	  ,              -0.078873	
               -0.012061	  ,              -0.109955	
               -0.004247	  ,              -0.119354	
               -0.001169	  ,              -0.145163	
                0.007316	  ,              -0.121789	
                0.017307	  ,              -0.098935	
                0.009510	  ,              -0.091837	
                0.002217	  ,              -0.085428	
               -0.002379	  ,              -0.044538	
               -0.011878	  ,              -0.018022	
               -0.015633	  ,               0.006195	
               -0.012448	  ,               0.001828	
               -0.017708	  ,               0.013656	
               -0.024154	  ,               0.024455	
               -0.019952	  ,               0.034214	
               -0.008508	  ,               0.031270	
               -0.003529	  ,               0.028491	
               -0.005167	  ,               0.021126	
               -0.014937	  ,               0.014410	
               -0.011348	  ,               0.024396	
               -0.014709	  ,               0.044671	
               -0.005387	  ,               0.047204	
               -0.001789	  ,               0.059393	
               -0.009665	  ,               0.061446	
               -0.008735	  ,               0.051162	
               -0.000352	  ,               0.064078	
               -0.001403	  ,               0.062304	
                0.003798	  ,               0.072913	
                0.012203	  ,               0.093716	
                0.015373	  ,               0.102552	
                0.024815	  ,               0.105317	
                0.021075	  ,               0.093021	
                0.024283	  ,               0.086500	
                0.027338	  ,               0.055980	
                0.028181	  ,               0.025296	
                0.022273	  ,               0.029279	
                0.015346	  ,               0.018512	
                0.012646	  ,              -0.004472	
                0.006736	  ,              -0.031523	
                0.007414	  ,              -0.071640	
               -0.000347	  ,              -0.087601	
               -0.005576	  ,              -0.111856	
                0.002903	  ,              -0.125070	
                0.003950	  ,              -0.121193	
               -0.003313	  ,              -0.146605	
               -0.007883	  ,              -0.163095	
               -0.005347	  ,              -0.178126	
               -0.010598	  ,              -0.142594	
               -0.007049	  ,              -0.089448	
               -0.012796	  ,              -0.054097	
               -0.010596	  ,              -0.047891	
               -0.012623	  ,              -0.030742	
               -0.006863	  ,               0.006163	
               -0.003137	  ,               0.020237	
                0.003309	  ,               0.033141	
                0.000791	  ,               0.036787	
                0.006053	  ,               0.047452	
                0.006738	  ,               0.037581	
                0.010987	  ,              -0.001527	
                0.005781	  ,               0.003758	
               -0.003456	  ,               0.028022	
               -0.004571	  ,               0.032484	
                0.001093	  ,               0.036457	
                0.016913	  ,               0.032993	
                0.028160	  ,               0.016664	
                0.030270	  ,               0.019673	
                0.028498	  ,               0.022534	
                0.020132	  ,               0.035040	
                0.021743	  ,               0.050751	
                0.012171	  ,               0.052880	
               -0.006715	  ,               0.062302	
               -0.025779	  ,               0.064083	
               -0.028111	  ,               0.050274	
               -0.030280	  ,               0.041010	
               -0.048700	  ,               0.032569	
               -0.036346	  ,               0.009527	
               -0.020784	  ,              -0.013531	
               -0.022829	  ,              -0.028501	
               -0.028421	  ,              -0.025886	
               -0.030106	  ,              -0.023630	
               -0.025531	  ,              -0.008164	
               -0.024170	  ,               0.014243	
               -0.012808	  ,               0.022924	
               -0.011217	  ,               0.020097	
               -0.004222	  ,               0.022338	
               -0.000462	  ,               0.033421	
                0.005130	  ,               0.031350	
                0.012376	  ,               0.036891	
                0.011490	  ,               0.031706	
                0.020901	  ,               0.008515	
                0.017120	  ,              -0.034703	
                0.011460	  ,              -0.029209	
                0.022879	  ,              -0.013532	
                0.027369	  ,               0.000705	
                0.023212	  ,               0.013860	
                0.021910	  ,               0.001999	
                0.018571	  ,              -0.023408	
                0.013216	  ,              -0.033255	
                0.010404	  ,              -0.042019	
                0.007775	  ,              -0.022748	
                0.002442	  ,               0.004808	
                0.011642	  ,               0.016006	
                0.002736	  ,               0.013222	
                0.005842	  ,               0.016657	
                0.008786	  ,              -0.007424	
                0.005993	  ,              -0.049815	
               -0.006926	  ,              -0.042000	
               -0.019832	  ,              -0.047227	
               -0.036667	  ,              -0.041496	
               -0.030189	  ,              -0.016876	
               -0.028276	  ,              -0.029688	
               -0.026551	  ,              -0.025455	
               -0.018200	  ,              -0.014328	
               -0.007633	  ,              -0.043848	
               -0.003666	  ,              -0.055503	
               -0.002540	  ,              -0.051834	
               -0.001555	  ,              -0.041941	
                0.005712	  ,              -0.008904	
                0.012134	  ,              -0.013270	
                0.014683	  ,               0.014657	
                0.024657	  ,               0.025473	
                0.023273	  ,               0.035276	
                0.019492	  ,               0.038178	
                0.022648	  ,               0.051844	
                0.023612	  ,               0.054173	
                0.022698	  ,               0.056352	
                0.013180	  ,               0.050289	
               -0.000708	  ,               0.055943	
               -0.006306	  ,               0.030625	
               -0.007986	  ,               0.012565	
               -0.027914	  ,               0.009383	
               -0.052539	  ,               0.000603	
               -0.042634	  ,              -0.013089	
               -0.027621	  ,              -0.050321	
               -0.013795	  ,              -0.055612	
                0.003579	  ,              -0.041300	
                0.005918	  ,               0.007170	
                0.012140	  ,               0.052223	
                0.006707	  ,               0.081369	
                0.011958	  ,               0.086453	
                0.010606	  ,               0.062060	
                0.009398	  ,               0.022088	
                0.018335	  ,              -0.015265	
                0.024063	  ,              -0.010628	
                0.021179	  ,               0.020034	
                0.011014	  ,               0.039870	
                0.004231	  ,               0.036136	
               -0.001875	  ,              -0.000423	
               -0.004935	  ,              -0.073299	
                0.008913	  ,              -0.083687	
                0.010899	  ,              -0.093207	
                0.012701	  ,              -0.136384	
                0.008263	  ,              -0.144160	
                0.001446	  ,              -0.094352	
               -0.014822	  ,              -0.061933	
               -0.016877	  ,              -0.044443	
                0.009822	  ,              -0.028584	
                0.028039	  ,              -0.014326	
                0.018337	  ,               0.016290	
                0.021321	  ,               0.043985	
                0.002315	  ,               0.054551	
               -0.004852	  ,               0.064038	
                0.006414	  ,               0.078531	
               -0.011920	  ,               0.086220	
               -0.029066	  ,               0.083383	
               -0.040131	  ,               0.076376	
               -0.038015	  ,               0.065943	
               -0.039794	  ,               0.056505	
               -0.024503	  ,               0.044708	
               -0.010251	  ,               0.021808	
                0.006509	  ,              -0.021077	
                0.013104	  ,              -0.003543	
                0.015111	  ,              -0.019358	
                0.024368	  ,              -0.043520	
                0.022622	  ,              -0.083320	
                0.018015	  ,              -0.109977	
                0.019328	  ,              -0.085962	
                0.002829	  ,              -0.055400	
               -0.003870	  ,              -0.035687	
               -0.018175	  ,              -0.010591	
               -0.020117	  ,               0.005553	
               -0.025282	  ,               0.020211	
               -0.014737	  ,               0.028129	
               -0.002314	  ,               0.030280	
               -0.010835	  ,               0.032233	
               -0.000245	  ,               0.038052	
               -0.007283	  ,               0.028473	
               -0.023814	  ,               0.036681	
               -0.012777	  ,               0.037977	
                0.001299	  ,               0.016958	
               -0.000698	  ,              -0.028235	
                0.000849	  ,              -0.034903	
               -0.009936	  ,              -0.005917	
               -0.008710	  ,              -0.000956	
               -0.010041	  ,               0.023014	
               -0.011224	  ,               0.009687	
               -0.014446	  ,              -0.026377	
               -0.008182	  ,              -0.060189	
                0.004543	  ,              -0.046981	
                0.010008	  ,              -0.027032	
                0.001428	  ,              -0.045104	
                0.002810	  ,              -0.081403	
               -0.009830	  ,              -0.086001	
               -0.008243	  ,              -0.055019	
               -0.006818	  ,               0.005340	
                0.002721	  ,               0.066105	
                0.001419	  ,               0.089868	
               -0.001734	  ,               0.110175	
                0.005942	  ,               0.132119	
                0.011063	  ,               0.139227	
                0.015502	  ,               0.157323	
                0.016202	  ,               0.152715	
                0.015388	  ,               0.129130	
                0.017305	  ,               0.063603	
                0.018876	  ,              -0.021234	
                0.014680	  ,              -0.101212	
                0.019282	  ,              -0.173619	
                0.026106	  ,              -0.182635	
                0.032458	  ,              -0.121810	
                0.031587	  ,              -0.113629	
                0.026354	  ,              -0.077743	
                0.024356	  ,              -0.032259	
                0.014931	  ,               0.021020	
               -0.005828	  ,               0.042650	
               -0.014558	  ,               0.075265	
                0.004616	  ,               0.081289	
               -0.002591	  ,               0.076300	
               -0.013704	  ,               0.062207	
               -0.023826	  ,               0.031714	
               -0.025652	  ,               0.004092	
               -0.017170	  ,              -0.013717	
               -0.015618	  ,              -0.003618	
               -0.022514	  ,               0.005463	
               -0.008582	  ,               0.030427	
                0.019405	  ,               0.047083	
                0.023353	  ,               0.056100	
                0.019871	  ,               0.053581	
                0.010116	  ,               0.041384	
                0.007287	  ,               0.016820	
                0.004635	  ,               0.020148	
               -0.012557	  ,               0.017338	
               -0.010307	  ,               0.003624	
               -0.000105	  ,              -0.023648	
                0.005517	  ,              -0.049055	
                0.000491	  ,              -0.085480	
               -0.013333	  ,              -0.099921	
               -0.033750	  ,              -0.086828	
               -0.036400	  ,              -0.075131	
               -0.019095	  ,              -0.064491	
               -0.003467	  ,              -0.054849	
               -0.013560	  ,              -0.075806	
               -0.022821	  ,              -0.062291	
               -0.024474	  ,              -0.060151	
               -0.019891	  ,              -0.049221	
               -0.001771	  ,              -0.039278	
                0.010592	  ,              -0.067346	
                0.017207	  ,              -0.103524	
                0.019249	  ,              -0.089313	
                0.021111	  ,              -0.049767	
                0.019416	  ,              -0.012798	
                0.011797	  ,               0.011094	
                0.004850	  ,               0.006343	
                0.003640	  ,               0.017791	
                0.011385	  ,               0.035428	
                0.012359	  ,               0.044696	
                0.007743	  ,               0.052860	
               -0.005169	  ,               0.049472	
               -0.018255	  ,               0.051140	
               -0.023388	  ,               0.052670	
               -0.018886	  ,               0.050053	
               -0.020322	  ,               0.047622	
               -0.014174	  ,               0.042033	
               -0.017502	  ,               0.033950	
               -0.010355	  ,               0.034878	
               -0.015064	  ,               0.038185	
               -0.002351	  ,               0.036782	
                0.006836	  ,               0.045884	
                0.001652	  ,               0.049248	
                0.006109	  ,               0.045676	
                0.007360	  ,               0.035839	
                0.003564	  ,               0.024163	
                0.002496	  ,               0.016228	
                0.003497	  ,               0.006330	
                0.011941	  ,               0.002364	
                0.008729	  ,               0.003160	
                0.013997	  ,              -0.002312	
                0.011309	  ,              -0.007133	
                0.013861	  ,              -0.015174	
                0.014542	  ,              -0.014421	
                0.016581	  ,              -0.002519	
                0.012366	  ,              -0.001102	
                0.010679	  ,               0.000119	
                0.003916	  ,               0.001151	
                0.003090	  ,              -0.000367	
               -0.001110	  ,              -0.001713	
               -0.006320	  ,              -0.009280	
                0.001493	  ,              -0.008647	
               -0.003728	  ,              -0.016516	
                0.000868	  ,              -0.023713	
                0.000062	  ,              -0.015030	
               -0.000566	  ,              -0.011561	
                0.004351	  ,              -0.008282	
                0.000116	  ,              -0.010735	
                0.001807	  ,              -0.018243	
                0.000281	  ,              -0.010658	
               -0.000872	  ,              -0.009470	
                0.000350	  ,              -0.003210	
                0.002950	  ,               0.000859	
                0.001491	  ,               0.003303	
                0.000546	  ,               0.011549	
                0.003004	  ,               0.000542	
                0.003257	  ,               0.002604	
               -0.000047	  ,              -0.000915	
               -0.000277	  ,               0.005898	
               -0.003036	  ,               0.005470	
               -0.002587	  ,               0.005072	
               -0.004856	  ,               0.014129	
               -0.002399	  ,               0.022459	
                0.001921	  ,               0.034471	
                0.010307	  ,               0.030387	
                0.004847	  ,               0.032177	
                0.003969	  ,               0.028842	
                0.001439	  ,               0.023615	
                0.000799	  ,               0.012441	
               -0.002711	  ,              -0.007213	
               -0.008935	  ,              -0.026031	
               -0.009576	  ,              -0.033046	
               -0.011563	  ,              -0.039394	
               -0.020656	  ,              -0.053352	
               -0.019290	  ,              -0.051270	
               -0.031656	  ,              -0.062890	
               -0.023056	  ,              -0.039689	
               -0.015325	  ,              -0.023091	
               -0.008273	  ,               0.004173	
               -0.001880	  ,               0.029727	
               -0.000734	  ,               0.033127	
                0.002435	  ,               0.030420	
               -0.000147	  ,               0.033270	
               -0.000884	  ,               0.040634	
                0.001403	  ,               0.060958	
                0.009258	  ,               0.069066	
                0.008303	  ,               0.066633	
                0.007506	  ,               0.059940	
                0.004998	  ,               0.033285	
                0.002825	  ,               0.000384	
                0.004852	  ,              -0.039411	
                0.009070	  ,              -0.098069	
                0.017852	  ,              -0.137024	
                0.021549	  ,              -0.101392	
                0.038613	  ,              -0.056152	
                0.040953	  ,              -0.026839	
                0.034317	  ,              -0.010911	
                0.036310	  ,              -0.006170	
                0.019534	  ,              -0.001784	
                0.017330	  ,               0.002102	
               -0.001138	  ,              -0.001470	
               -0.003546	  ,              -0.011313	
               -0.010195	  ,              -0.002567	
               -0.024477	  ,               0.005498	
               -0.022701	  ,              -0.006921	
               -0.021105	  ,              -0.009203	
               -0.035087	  ,              -0.011336	
               -0.029646	  ,              -0.024479	
               -0.021339	  ,              -0.039840	
               -0.013852	  ,              -0.025761	
               -0.009887	  ,              -0.001730	
               -0.013704	  ,               0.014516	
               -0.012779	  ,               0.017223	
               -0.018109	  ,               0.030738	
               -0.020898	  ,               0.042882	
               -0.033818	  ,               0.040451	
               -0.043152	  ,               0.034132	
               -0.031333	  ,               0.032026	
               -0.020691	  ,               0.023332	
               -0.008194	  ,               0.030703	
               -0.006539	  ,               0.023510	
               -0.008098	  ,               0.006850	
                0.012656	  ,               0.008815	
                0.027481	  ,              -0.009841	
                0.024687	  ,              -0.007689	
                0.031884	  ,              -0.014505	
                0.025240	  ,              -0.028938	
                0.010986	  ,              -0.019826	
                0.005347	  ,              -0.025068	
                0.006999	  ,              -0.017575	
               -0.000620	  ,              -0.005148	
                0.006316	  ,               0.020149	
                0.012565	  ,               0.052892	
                0.015763	  ,               0.066027	
                0.012727	  ,               0.077809	
                0.011893	  ,               0.074205	
                0.014456	  ,               0.051154	
                0.009213	  ,               0.024015	
                0.019846	  ,              -0.016183	
                0.015242	  ,              -0.075024	
                0.016570	  ,              -0.114269	
                0.012830	  ,              -0.093141	
                0.007230	  ,              -0.061039	
                0.006194	  ,              -0.031979	
                0.007016	  ,              -0.016211	
                0.002778	  ,              -0.001908	
               -0.008749	  ,               0.002470	
               -0.023997	  ,              -0.009357	
               -0.009815	  ,               0.001501	
               -0.004287	  ,               0.004743	
                0.000729	  ,               0.013567	
                0.011325	  ,               0.010887	
                0.012619	  ,               0.013280	
                0.013754	  ,               0.015508	
                0.017250	  ,               0.012838	
                0.029710	  ,               0.014890	
                0.024582	  ,               0.016765	
                0.001513	  ,               0.008333	
               -0.021538	  ,               0.019017	
               -0.018689	  ,               0.012109	
               -0.021419	  ,               0.013338	
               -0.019070	  ,               0.018991	
               -0.016901	  ,               0.024316	
               -0.023010	  ,               0.025231	
               -0.043502	  ,               0.012449	
               -0.040816	  ,               0.010659	
               -0.038479	  ,              -0.004508	
               -0.027341	  ,              -0.010560	
               -0.013135	  ,              -0.008680	
               -0.011263	  ,              -0.017122	
                0.003971	  ,              -0.021646	
                0.010071	  ,              -0.022966	
                0.023100	  ,              -0.016710	
                0.018041	  ,               0.000367	
               -0.004950	  ,               0.007608	
                0.004852	  ,               0.009780	
                0.019729	  ,               0.007731	
                0.011582	  ,              -0.005313	
               -0.005720	  ,              -0.010380	
               -0.007975	  ,              -0.017976	
                0.002116	  ,              -0.022005	
                0.003913	  ,              -0.028226	
               -0.011377	  ,              -0.022580	
               -0.009411	  ,              -0.017250	
               -0.011338	  ,              -0.019869	
                0.003816	  ,              -0.006917	
                0.017949	  ,               0.006179	
                0.019731	  ,               0.011274	
                0.007808	  ,               0.012761	
                0.003170	  ,               0.011341	
                0.004436	  ,               0.010042	
                0.008074	  ,               0.013125	
                0.006967	  ,               0.012019	
                0.001628	  ,               0.016549	
                0.006100	  ,               0.005390	
               -0.005160	  ,              -0.002189	
               -0.003732	  ,              -0.006196	
                0.000239	  ,               0.002650	
                0.001327	  ,               0.005907	
               -0.006525	  ,               0.004943	
               -0.005569	  ,               0.002304	
               -0.010192	  ,               0.006605	
               -0.005995	  ,               0.006029	
                0.002428	  ,               0.008222	
                0.005605	  ,               0.011456	
                0.008624	  ,               0.004002	
                0.005896	  ,              -0.001090	
                0.003337	  ,              -0.003644	
                0.007018	  ,              -0.000971	
                0.007642	  ,              -0.001485	
                0.011830	  ,              -0.000677	
                0.004195	  ,               0.003682	
                0.005204	  ,               0.002106	
                0.002504	  ,               0.002718	
                0.005050	  ,               0.001628	
                0.001328	  ,               0.002884	
               -0.003557	  ,               0.007174	
               -0.004028	  ,              -0.001567	
                0.003639	  ,              -0.017928	
                0.000676	  ,              -0.015669	
                0.001607	  ,              -0.001406	
                0.000860	  ,               0.004211	
                0.001637	  ,               0.009327	
                0.006655	  ,               0.007845	
                0.001001	  ,               0.000968	
                0.000400	  ,              -0.002688	
               -0.001540	  ,              -0.008209	
               -0.001947	  ,              -0.009170	
               -0.002365	  ,              -0.008291	
               -0.004828	  ,              -0.002353	
               -0.001701	  ,              -0.004558	
               -0.001950	  ,              -0.005260	
               -0.002201	  ,              -0.008364	
               -0.003811	  ,              -0.016065	
               -0.002700	  ,              -0.010937	
               -0.001928	  ,               0.001103	
               -0.005207	  ,               0.016189	
               -0.006282	  ,               0.014033	
               -0.000589	  ,               0.019509	
               -0.002697	  ,               0.024522	
               -0.000591	  ,               0.026050	
               -0.002205	  ,               0.019177	
               -0.000440	  ,               0.013015	
                0.001153	  ,               0.005249	
                0.000036	  ,               0.000016	
               -0.006333	  ,               0.002689	
               -0.003581	  ,              -0.001640	
               -0.004391	  ,              -0.001065	
               -0.003677	  ,              -0.011835	
                0.001256	  ,              -0.010444	
               -0.005663	  ,              -0.031356	
               -0.001079	  ,              -0.064390	
                0.001475	  ,              -0.068725	
               -0.002220	  ,              -0.040682	
                0.001378	  ,              -0.029745	
               -0.002117	  ,              -0.024435	
               -0.000356	  ,              -0.014541	
                0.000207	  ,              -0.023232	
                0.002785	  ,              -0.004031	
               -0.002248	  ,              -0.001627	
               -0.004242	  ,               0.009565	
               -0.002519	  ,               0.015690	
                0.000372	  ,               0.017611	
                0.003932	  ,               0.019385	
                0.001730	  ,               0.021015	
                0.002051	  ,               0.014203	
                0.004553	  ,               0.015520	
               -0.000726	  ,               0.010072	
                0.001446	  ,               0.011284	
                0.002098	  ,               0.021820	
                0.003759	  ,               0.017952	
               -0.000335	  ,               0.021857	
                0.003197	  ,               0.016475	
                0.002846	  ,               0.011482	
               -0.001045	  ,               0.010915	
               -0.000530	  ,               0.010324	
               -0.000849	  ,               0.012726	
               -0.001150	  ,               0.017774	
               -0.004668	  ,               0.024832	
               -0.002430	  ,               0.031375	
               -0.000368	  ,               0.044318	
               -0.003870	  ,               0.057390	
               -0.008878	  ,               0.065883	
               -0.006774	  ,               0.064400	
               -0.002466	  ,               0.054826	
                0.000484	  ,               0.038534	
               -0.003018	  ,               0.014035	
                0.000063	  ,              -0.022063	
                0.004837	  ,              -0.065391	
                0.003183	  ,              -0.094351	
                0.004916	  ,              -0.099335	
                0.003438	  ,              -0.036016	
                0.000437	  ,              -0.027171	
                0.006052	  ,              -0.003623	
                0.006764	  ,               0.032090	
                0.011695	  ,               0.025828	
                0.010043	  ,               0.031693	
                0.012964	  ,               0.037013	
                0.011496	  ,               0.012873	
                0.010377	  ,              -0.026876	
                0.004861	  ,              -0.085578	
               -0.000314	  ,              -0.108948	
               -0.008032	  ,              -0.073474	
               -0.015238	  ,              -0.028376	
               -0.019754	  ,              -0.034179	
               -0.011915	  ,              -0.039478	
               -0.004611	  ,              -0.015332	
               -0.003749	  ,               0.024390	
               -0.001210	  ,               0.029604	
                0.000996	  ,               0.024851	
                0.004545	  ,               0.011626	
                0.007594	  ,              -0.000258	
                0.009297	  ,              -0.011156	
                0.016081	  ,              -0.014472	
                0.020671	  ,              -0.011742	
                0.012915	  ,              -0.003810	
                0.005667	  ,              -0.041287	
                0.006534	  ,              -0.046889	
                0.005690	  ,              -0.013539	
                0.006370	  ,               0.007878	
               -0.004301	  ,               0.003378	
               -0.008900	  ,              -0.022589	
               -0.013006	  ,              -0.032957	
               -0.019302	  ,              -0.012646	
               -0.022565	  ,               0.022653	
               -0.029895	  ,               0.056250	
               -0.021508	  ,               0.060517	
               -0.018371	  ,               0.056509	
               -0.011185	  ,               0.067169	
               -0.015832	  ,               0.076784	
               -0.021796	  ,               0.067780	
               -0.019608	  ,               0.048495	
               -0.017577	  ,               0.016118	
               -0.008109	  ,              -0.014688	
                0.009970	  ,              -0.058717	
                0.017220	  ,              -0.088098	
                0.014991	  ,              -0.104172	
                0.016990	  ,              -0.080217	
                0.011382	  ,              -0.040770	
                0.009673	  ,              -0.014518	
                0.008142	  ,              -0.019537	
                0.015060	  ,              -0.015443	
                0.011307	  ,              -0.011821	
                0.014476	  ,              -0.001305	
                0.000726	  ,               0.028141	
               -0.001186	  ,               0.039665	
               -0.006309	  ,               0.042880	
               -0.010928	  ,               0.052329	
               -0.006918	  ,               0.043163	
               -0.010698	  ,               0.034674	
               -0.002986	  ,               0.027051	
               -0.004077	  ,               0.033345	
                0.004291	  ,               0.031174	
                0.000983	  ,               0.029446	
                0.014602	  ,               0.014463	
                0.020088	  ,               0.000469	
                0.024231	  ,              -0.012166	
                0.015692	  ,              -0.017434	
                0.014080	  ,              -0.015392	
                0.004360	  ,              -0.010479	
               -0.001972	  ,              -0.000481	
               -0.005234	  ,               0.006113	
               -0.008326	  ,               0.018947	
               -0.012952	  ,               0.027702	
               -0.012165	  ,               0.051009	
               -0.008501	  ,               0.087655	
               -0.000775	  ,               0.131589	
               -0.001828	  ,               0.149269	
                0.006591	  ,               0.133633	
                0.014330	  ,               0.080649	
                0.015289	  ,               0.031227	
                0.006770	  ,              -0.026868	
                0.009906	  ,              -0.097182	
                0.006779	  ,              -0.182405	
                0.013129	  ,              -0.216701	
                0.012218	  ,              -0.185357	
                0.012860	  ,              -0.118824	
                0.002185	  ,              -0.075490	
               -0.020821	  ,              -0.051979	
               -0.037204	  ,              -0.058944	
               -0.040055	  ,              -0.103974	
               -0.031895	  ,              -0.109601	
               -0.014588	  ,              -0.072299	
               -0.007926	  ,              -0.018973	
               -0.001763	  ,               0.016553	
               -0.003541	  ,               0.048831	
               -0.005161	  ,               0.078049	
               -0.006638	  ,               0.062109	
               -0.013538	  ,               0.047738	
               -0.004737	  ,               0.078571	
                0.003026	  ,               0.098597	
                0.008239	  ,               0.124025	
                0.010900	  ,               0.133875	
                0.009994	  ,               0.125095	
                0.007743	  ,               0.111400	
                0.005661	  ,               0.109041	
                0.003903	  ,               0.093457	
                0.005548	  ,               0.062769	
                0.009071	  ,               0.022911	
                0.007871	  ,              -0.025289	
                0.012605	  ,              -0.109731	
                0.009587	  ,              -0.213497	
                0.000845	  ,              -0.199877	
                0.009748	  ,              -0.137048	
                0.008836	  ,              -0.102826	
                0.009970	  ,              -0.113473	
                0.014649	  ,              -0.085400	
                0.006966	  ,              -0.059881	
